308
-285756
-1384745
-375488
1318068
-150265
-150265
-283439
-1113430
-545902
1025034
873690
-246088
-1052788
-627772
1039997
906387
-169111
-991649
-696178
1017279
917887
-140094
-944310
-674306
1008159
926568
-93542
-855372
-733270
975153
960405
-28239
-724873
-794845
962131
946872
51450
-605258
-825026
942106
954267
117097
-483094
-857591
918897
949150
194174
-388302
-911467
904158
948900
290940
-293620
-947163
867829
943141
364426
-248725
-997964
780478
938331
459789
-245847
-1080181
710305
940093
537424
-247841
-1141821
626485
966191
586720
-261720
-1227578
534420
994716
659334
-299914
-1284695
445357
1002980
726312
-329861
-1339338
367508
1042255
765443
-347935
-1403011
278381
1048925
827291
-393007
-1403727
179354
1075087
854418
-399053
-1413251
88198
1070083
911266
-406903
-1372791
24856
1078362
919224
-399736
-1323562
-75802
1081299
932832
-393840
-1270519
-163973
1076253
941435
-358110
-1183016
-241030
1092331
932141
-321083
-1142881
-326717
1099777
950838
-283421
-1101536
-424514
1086945
926886
-229615
-1057014
-483177
1099079
936949
-186166
-1008428
-558729
1092499
946077
-156345
-953923
-606683
1065216
969438
-98244
-888147
-643220
1053274
979652
-44345
-821234
-668159
1047319
989141
3479
-696615
-727956
1011053
1013034
69970
-601026
-770557
1001226
999115
140680
-458258
-801838
984755
1012064
209920
-366714
-873318
950951
995321
297195
-268377
-917353
910287
989733
388122
-229397
-946165
844260
961370
482556
-194306
-1025667
755795
982905
571104
-203330
-1079568
665640
994561
636223
-222704
-1173651
584394
1036350
710208
-249810
-1234409
492120
1046453
761273
-287005
-1307889
390164
1081575
809002
-322230
-1362438
304876
1093312
854231
-350715
-1368243
229508
1099307
907715
-366425
-1382335
121058
1122184
922285
-380369
-1340358
47091
1113106
954424
-380588
-1286261
-38561
1113718
983362
-356226
-1233174
-132779
1118636
972331
-335124
-1165590
-186401
1128212
959135
-289827
-1113386
-295497
1125424
983335
-265868
-1070620
-384039
1123768
968703
-212820
-1054805
-466455
1128636
981140
-174863
-998337
-509464
1112900
971818
-121802
-931497
-567635
1120154
1017522
-84552
-891893
-588632
1088255
1028688
-19562
-773083
-646554
1077655
1022636
18221
-691138
-682625
1051559
1056236
111776
-567202
-753511
1025426
1038337
155385
-430699
-777966
1006948
1032530
232899
-345810
-843831
972652
1008770
317362
-254484
-849350
930267
1004798
424675
-189117
-925537
869705
1001237
505360
-171583
-979486
777311
988798
595137
-172087
-1057724
706322
1040216
660725
-207675
-1133232
598661
1055624
730667
-213889
-1206475
520936
1085477
784288
-279194
-1275380
424443
1086521
831626
-299545
-1330887
327170
1098787
884223
-342045
-1354968
258382
1126495
929418
-367601
-1352471
147178
1130769
946782
-368585
-1327405
66827
1132381
980197
-360949
-1287750
-25004
1142975
1006729
-354097
-1214371
-102843
1130671
1000844
-318988
-1161513
-192062
1143590
1007928
-285489
-1102202
-276971
1146304
1006434
-234063
-1046491
-371547
1131129
994540
-209884
-1018752
-439991
1137307
986409
-155613
-961707
-509481
1129482
1005163
-118962
-920503
-554700
1110768
1016567
-39421
-843965
-617227
1098799
1032066
-9382
-767736
-627147
1095419
1031492
53623
-645197
-688878
1066195
1054880
114216
-519321
-719877
1033988
1027225
181955
-401936
-787900
1008084
1045310
283312
-300661
-823875
987397
1030466
373753
-218912
-876327
937106
1028674
458385
-174877
-921982
852584
998931
542755
-161471
-980098
789979
1025361
621291
-167941
-1067669
680545
1068733
696203
-186822
-1141093
593337
1080565
755723
-236229
-1224246
492448
1114537
809401
-274212
-1307197
395394
1107159
871970
-304838
-1332843
312305
1130883
898275
-344117
-1332954
214503
1136791
950015
-343277
-1332926
143192
1136647
984587
-346980
-1288016
46891
1148292
1000484
-348181
-1253006
-53674
1150446
1004538
-342254
-1184183
-123972
1142474
1019533
-304803
-1134276
-239890
1135643
1005536
-244224
-1066351
-301662
1138022
989784
-225367
-1029124
-385837
1148514
1002728
-161000
-995134
-469788
1139435
1001270
-116717
-936127
-514440
1122454
1027690
-68620
-871025
-572604
1115468
1036746
-18748
-805220
-588936
1110341
1047660
30025
-710500
-640105
1081324
1052970
100258
-573199
-711002
1051263
1046927
160139
-455003
-744609
1028680
1056986
248175
-337697
-782320
1010382
1043918
333773
-263807
-843524
969189
1033930
395116
-181442
-873479
908520
1036635
499227
-138063
-926200
835424
1030596
577490
-146853
-1004257
751032
1047171
664951
-176916
-1107858
650298
1061264
704503
-198312
-1163390
573271
1091615
798803
-251520
-1243085
472313
1101322
823261
-272516
-1305011
393136
1120137
867455
-301190
-1351870
302773
1135505
948236
-328160
-1312789
192137
1143730
970070
-356668
-1295843
113825
1146201
986551
-359452
-1264116
2648
1168027
1008352
-336855
-1225623
-69060
1145226
1022532
-325108
-1164977
-142830
1151294
1024940
-287674
-1097374
-246712
1153181
1002230
-240555
-1037745
-297892
1153666
995297
-189661
-1001740
-409159
1142646
1005315
-159122
-975755
-465989
1138286
1000653
-114223
-919137
-533918
1135581
1033661
-58220
-844810
-549243
1112647
1044850
-14334
-768672
-599588
1091658
1049017
44079
-658508
-666990
1078415
1058215
115337
-544807
-698913
1051344
1069234
166490
-423362
-750323
1037422
1035769
253664
-320956
-796811
1000670
1042294
339611
-238952
-828365
962142
1025709
431300
-150547
-879540
891385
1022923
528302
-128398
-926399
817101
1029825
610759
-135754
-1017798
742846
1039500
666403
-175070
-1083203
642660
1071873
743704
-190085
-1161243
540522
1080949
792338
-251942
-1261418
443300
1094934
847087
-262266
-1305840
351226
1122853
900236
-304977
-1302380
267880
1120964
932699
-306318
-1306163
195016
1143419
969414
-337829
-1280431
87175
1143385
980228
-324682
-1231807
1692
1133308
990609
-320664
-1191557
-78674
1143154
1019918
-293294
-1129359
-171984
1140020
991195
-243869
-1036711
-215881
1146481
1018564
-205392
-980686
-324804
1156470
1004605
-155945
-964331
-392134
1131192
975023
-132304
-947343
-481059
1140970
1007522
-67182
-842557
-527647
1101120
1014860
-59433
-797170
-583148
1122133
1040663
12912
-706525
-621763
1108509
1016040
88397
-607887
-641620
1066532
1054374
139002
-501226
-709728
993674
1129491
166772
-363432
-774117
1045285
1052588
185619
-169140
-836369
990737
1002108
436270
-262728
-844908
974119
1008030
428484
-130277
-852040
862899
1012436
537363
-115914
-981579
783852
1019995
621871
-98022
-1016514
720432
1034677
677735
-183454
-1080176
625587
1073402
753078
-179074
-1184512
512247
1083952
795050
-240432
-1246644
443938
1097713
839696
-265692
-1276609
352116
1103117
914694
-288264
-1302541
245110
1128059
911294
-325567
-1274927
194142
1143027
960642
-302333
-1279829
42745
1145274
978051
-299323
-1194050
-3041
1129186
994615
-300497
-1144381
-116828
1152277
1005951
-274461
-1071855
-183000
1137527
1007513
-212990
-1006301
-251474
1160140
1003391
-209297
-1005513
-352720
1147574
1005015
-174359
-959892
-438949
1123808
963790
-95238
-887470
-463064
1146286
978336
-98834
-822148
-527050
1146085
1022835
-30814
-757475
-591195
1101770
1052954
12386
-649094
-575109
1060107
1068101
45375
-560794
-721080
1077858
1002203
179661
-460489
-681387
995749
1050675
206117
-310835
-728241
1040655
1034006
336867
-252381
-799272
998456
1037372
404689
-103000
-886655
954876
968086
536255
-138994
-891130
818867
1013212
564620
-126481
-976846
785772
1007795
638098
-144316
-1089887
661011
1029388
722810
-178773
-1111384
565643
1063496
764730
-191072
-1178574
538740
1113504
838495
-238358
-1235951
424010
1111540
867996
-277802
-1293608
334727
1133965
897074
-311760
-1311505
210064
1136211
965226
-325359
-1291965
109772
1110659
949089
-331758
-1225924
40953
1145683
996318
-301107
-1191471
-37785
1145964
1023257
-285659
-1097639
-103430
1151739
1009918
-250044
-1040860
-208994
1153898
1001395
-207494
-998597
-302321
1140282
985233
-190235
-967265
-375895
1129155
974767
-154118
-936353
-437931
1114629
968424
-82560
-852677
-494472
1118004
991982
-61774
-799274
-542340
1111553
1027837
26007
-712559
-555804
1093030
1026267
69487
-610406
-615163
1055485
1013258
120195
-513638
-696281
1010155
1016187
197131
-393916
-718688
1017189
1030163
258657
-304455
-778671
994960
1023330
355157
-191817
-824307
942316
1003602
424272
-149419
-825667
902208
1007608
537873
-122073
-911782
807849
1001165
591929
-113116
-987896
736898
1032413
652464
-153253
-1054265
646998
1044642
735995
-177946
-1127904
562675
1068315
787317
-211103
-1187082
472041
1082679
836000
-243534
-1262467
385820
1096592
878899
-280139
-1260095
291197
1102759
911224
-282698
-1282217
194947
1129860
946663
-308913
-1249002
104349
1130919
976550
-309629
-1212678
15749
1150679
1009644
-294981
-1146307
-60094
1120814
1006404
-276836
-1099050
-140840
1134511
1000571
-249784
-1026243
-227676
1141847
991487
-201986
-968712
-317365
1147137
994786
-153900
-926713
-382467
1140964
979794
-129352
-903277
-461943
1136965
1007232
-79578
-836533
-509606
1123794
1027704
-45270
-786484
-553865
1109820
1010916
16571
-709628
-602209
1084326
1021139
71172
-591710
-665680
1071045
1036619
144892
-468005
-688458
1054607
1051677
244432
-360519
-721072
1021257
1032805
308662
-245217
-779214
981025
1030759
382065
-187882
-834239
943626
1000549
474094
-129611
-872052
854572
986333
529030
-124972
-961205
771293
1023386
617975
-127310
-1009178
695249
1044637
687874
-150889
-1075530
616578
1083979
768062
-187643
-1166347
518501
1077073
816238
-230607
-1239887
429635
1093033
850185
-271673
-1279281
318737
1107059
891826
-311283
-1301500
238987
1107348
933469
-323579
-1267764
166055
1142339
958833
-302899
-1218534
61073
1138447
999599
-276610
-1163491
-16886
1144651
1005330
-268487
-1117919
-131286
1119415
983408
-255161
-1048081
-210579
1125056
976507
-215524
-995007
-280747
1145174
989056
-177427
-950138
-371873
1119500
979926
-132507
-916615
-415868
1145067
977897
-91484
-851587
-475420
1114397
1018386
-49231
-772718
-522127
1113914
1009851
-16613
-710697
-577698
1095758
1017339
56633
-642203
-627316
1063844
1028030
116049
-518900
-667687
1047701
1027977
180654
-405303
-724973
1013928
1024302
248799
-286905
-749871
985134
1018340
336787
-225736
-785912
979764
1017767
412585
-142181
-843324
894596
997139
500403
-119133
-887991
814106
995687
573039
-127052
-957075
746050
1016775
656010
-141207
-1031097
662704
1037094
706841
-162071
-1101361
559007
1070435
779813
-207667
-1167470
485313
1064239
811788
-244301
-1230397
400328
1086947
859179
-288466
-1246045
303082
1109118
877622
-299475
-1273388
233348
1137387
947168
-313102
-1256195
144533
1121895
965658
-314400
-1207242
46563
1128975
1008889
-300662
-1153199
-30645
1125146
989800
-273047
-1094534
-115571
1150557
982533
-243802
-1040111
-194182
1148758
993195
-218596
-977648
-275852
1153156
991893
-188170
-956179
-384831
1155173
970726
-134205
-908165
-445110
1137700
989466
-89442
-868964
-502065
1127150
995578
-54405
-797486
-557531
1123805
1019657
10481
-737944
-569090
1130249
1043550
42590
-637517
-628674
1106591
1059329
118910
-533711
-682371
1067239
1040079
184650
-412561
-728196
1041625
1044631
261373
-308496
-805159
1017992
1052717
343522
-219028
-840934
974654
1030597
433942
-159345
-886479
909749
1041538
553282
-116984
-940809
842786
1039324
613349
-128073
-1037365
761712
1087740
686836
-151391
-1122861
676917
1094184
735669
-182803
-1190187
586195
1123413
818491
-241275
-1262446
488697
1137672
869226
-273086
-1332187
397407
1169225
923471
-322225
-1349751
311390
1197513
984423
-320654
-1361052
215417
1203276
1002844
-325294
-1343133
144528
1198652
1025398
-360827
-1339491
29745
1198850
1048489
-326638
-1247672
-60936
1193794
1043226
-310999
-1194988
-160023
1210141
1054682
-273191
-1111058
-229212
1202304
1045427
-225938
-1058127
-306030
1238209
1052828
-194301
-1007540
-396799
1220917
1039615
-140346
-1002262
-481289
1201502
1042521
-115648
-927340
-563793
1182773
1063156
-60438
-866637
-607253
1170190
1065120
-14074
-791142
-634483
1173799
1086317
55828
-692604
-703319
1143454
1118431
105781
-563912
-736815
1124485
1115853
173034
-478023
-795741
1089805
1118456
283123
-353751
-836900
1062665
1100341
368707
-242448
-905370
1029952
1103371
453860
-178250
-939099
957844
1084273
541200
-142664
-1001098
889156
1090456
615694
-153429
-1089088
783622
1109847
709481
-179404
-1149632
689310
1139912
767590
-206410
-1241807
602950
1162296
844206
-250412
-1313675
508329
1169963
888723
-299295
-1393971
413726
1199955
937600
-318937
-1413075
314215
1218911
996636
-348127
-1418666
218711
1228880
1030451
-359636
-1407136
127297
1232377
1069858
-342525
-1342481
23483
1226601
1078037
-349818
-1296139
-81730
1235745
1092409
-324607
-1219324
-184386
1220538
1093069
-298346
-1129249
-262482
1219537
1079716
-252071
-1093231
-343061
1238143
1074975
-206200
-1048449
-439232
1230813
1056636
-152979
-1026105
-501590
1227789
1081949
-98529
-977344
-568747
1201857
1079657
-61017
-883512
-601195
1191161
1105300
-16028
-809749
-665299
1157783
1102515
54659
-695353
-713749
1148367
1107368
109146
-600694
-755309
1113176
1140704
193857
-467609
-784564
1073332
1104068
278475
-342110
-841998
1056907
1108627
382960
-250626
-924045
1014824
1085519
460637
-185344
-942867
950828
1076236
543468
-162050
-985985
854542
1073759
624386
-137583
-1066720
787232
1091682
708611
-169775
-1139438
695046
1113368
774519
-202975
-1218214
586925
1132449
831665
-228393
-1277812
514069
1156449
869253
-292446
-1347928
410036
1174395
923536
-303965
-1368126
315490
1174665
961609
-339383
-1373639
238542
1190916
1018462
-329609
-1355423
122639
1195743
1009628
-330186
-1309800
63274
1200068
1049509
-327383
-1249426
-45498
1194776
1068350
-316025
-1170872
-134046
1195032
1051338
-259305
-1104284
-226936
1195759
1064430
-233847
-1043443
-311176
1190610
1026988
-187310
-998944
-392991
1188902
1031164
-150035
-958678
-467858
1198969
1050780
-102422
-901708
-528060
1166758
1055621
-53203
-868319
-567489
1173913
1085847
10316
-768695
-609645
1143356
1080338
47986
-666163
-682027
1117838
1069675
115386
-568919
-732543
1104673
1090034
202226
-423792
-765602
1070002
1078590
264339
-317827
-803410
1042054
1090397
358898
-234787
-861772
993788
1067512
449788
-164621
-881238
931346
1052884
518080
-148216
-953586
867852
1040004
604971
-139779
-1020965
780330
1069121
683583
-154991
-1114843
672249
1102845
765932
-169384
-1153083
592870
1129437
803746
-224476
-1234979
505182
1129746
859029
-254286
-1305490
406426
1145170
907090
-306310
-1335331
331217
1171512
944268
-313139
-1349346
248561
1182879
996721
-318638
-1323367
143611
1166341
1003827
-327793
-1286536
51363
1185372
1038189
-318278
-1228671
-37630
1173679
1052550
-297502
-1160864
-134588
1178758
1046019
-278766
-1112558
-218746
1202315
1053172
-233179
-1034827
-295158
1189422
1052878
-200422
-1000397
-387154
1188199
1035021
-156039
-956627
-483019
1177244
1033513
-109320
-910500
-517265
1172677
1036435
-67788
-843355
-577931
1162563
1066624
-12611
-779703
-623028
1137039
1060767
50162
-690326
-647318
1120438
1092157
117887
-574105
-705593
1094832
1090129
192445
-432538
-764351
1066925
1081966
268797
-323266
-819236
1040798
1087415
350826
-235896
-848638
1005826
1065342
440975
-178148
-897828
942088
1059573
536110
-126125
-947669
849447
1046424
597581
-142600
-1032562
774374
1086939
691517
-149533
-1113137
683282
1096262
749115
-187295
-1178566
609142
1113299
808776
-223331
-1240094
511597
1128840
863309
-258791
-1322051
411689
1149384
911193
-292147
-1356917
323801
1166954
954987
-314471
-1369725
226123
1188965
991832
-324514
-1336525
159055
1205999
1014422
-333642
-1304042
63049
1185072
1053166
-327967
-1238431
-41587
1192154
1057428
-317368
-1166006
-126609
1196238
1053074
-264979
-1077384
-224370
1182435
1042949
-239517
-1049152
-313001
1202728
1036140
-196563
-996969
-401017
1194589
1038964
-139272
-978365
-475422
1181901
1047019
-96573
-895995
-525561
1173439
1053568
-68549
-855239
-569349
1156848
1069636
2800
-776669
-610546
1137920
1072397
67420
-674084
-658935
1114559
1088487
130712
-546684
-716471
1096925
1086126
196611
-445254
-752959
1060761
1077440
277375
-324810
-826309
1037886
1088029
363594
-233983
-856545
1005634
1059799
445960
-166726
-906416
925039
1050094
537404
-139472
-951390
849394
1063740
607332
-123224
-1043267
767214
1084537
705368
-149992
-1111579
676685
1093155
759865
-188249
-1204905
569041
1132894
830083
-233000
-1264371
480136
1152479
868315
-267769
-1331693
389662
1155937
913243
-308904
-1354265
319747
1162542
961211
-323495
-1346941
206559
1182633
993963
-349352
-1325201
113509
1181585
1018958
-321799
-1282344
21335
1177116
1046869
-317663
-1212107
-51057
1193813
1064222
-302991
-1151982
-163877
1190976
1045257
-249339
-1078389
-242237
1184764
1038442
-228352
-1035306
-338940
1194848
1044958
-174158
-999719
-425380
1183419
1024351
-142465
-965816
-489567
1194332
1030624
-101957
-903723
-543598
1176873
1053902
-49607
-827686
-586396
1148284
1072032
10245
-751350
-630272
1135159
1077737
76194
-648858
-692589
1109748
1077648
124873
-552785
-724597
1088488
1073420
210257
-416771
-794829
1049937
1072792
288730
-285488
-833540
1022416
1080531
394222
-213272
-883802
981958
1079216
465640
-160142
-921970
910393
1047680
556809
-138837
-976097
832702
1068103
637173
-143438
-1063184
731537
1086583
684541
-171274
-1135697
651776
1106344
786605
-194480
-1216065
576661
1120387
816295
-236856
-1255411
480233
1146208
874675
-281119
-1340890
379012
1161490
927238
-299762
-1357655
292249
1175738
963121
-320880
-1356667
211201
1176372
1011989
-332746
-1339952
105408
1177647
1026644
-323150
-1268067
19583
1176658
1048382
-325231
-1215783
-77565
1193619
1054537
-301168
-1131995
-176014
1171885
1046247
-260010
-1078422
-257235
1190473
1053350
-218207
-1019464
-336179
1190057
1036944
-164932
-985009
-428855
1197322
1031252
-133874
-940887
-494787
1183961
1038065
-84401
-885705
-547640
1165618
1056649
-51507
-821870
-597668
1166363
1057067
21755
-760806
-644925
1123697
1071797
77629
-639646
-699956
1106166
1080439
126749
-529143
-734855
1094485
1095780
219571
-397399
-803207
1048748
1079497
287160
-297880
-846283
1025756
1077099
397685
-220051
-868783
984664
1057128
476291
-142230
-917161
912030
1060070
558020
-149259
-995616
812050
1076770
650078
-150028
-1061522
726728
1086419
722285
-172982
-1144965
651117
1106455
777583
-209718
-1227530
548998
1130575
841113
-246981
-1306252
459238
1144377
884040
-272602
-1331926
365960
1153067
934884
-322572
-1347279
249366
1176142
962607
-327388
-1347050
194326
1190018
1013713
-334756
-1318993
93908
1189114
1029491
-325862
-1262779
-16982
1185061
1054076
-310725
-1195184
-111745
1181197
1038041
-272120
-1126840
-188068
1185561
1038260
-254287
-1054637
-269556
1204147
1032886
-196793
-999526
-386916
1174280
1039621
-151092
-970072
-444460
1188559
1041580
-107472
-933583
-523567
1186843
1050172
-61853
-850850
-575158
1145482
1071850
-22802
-779649
-620029
1144458
1085659
56645
-685925
-666502
1108890
1083226
120041
-592675
-685598
1096450
1095871
183938
-452062
-779288
1067468
1089190
255816
-322974
-827934
1037511
1085068
353209
-244535
-875460
1019077
1079876
445685
-164093
-911778
941204
1048633
520806
-157021
-961414
848361
1060516
620128
-139055
-1028065
763760
1084296
700328
-172552
-1123884
686351
1107643
778241
-200095
-1193052
582198
1123178
829823
-234776
-1259421
500735
1138722
880883
-272596
-1338131
389587
1152435
920675
-308321
-1347575
303970
1174877
973754
-320659
-1359198
208060
1174611
997518
-348978
-1316548
118872
1208880
1030966
-333658
-1283149
17404
1191084
1045794
-324364
-1202983
-90844
1179029
1049438
-306603
-1153339
-173993
1197990
1045938
-255212
-1075979
-232487
1183762
1035226
-209171
-1022189
-339421
1197351
1031326
-177124
-1002481
-415862
1183248
1026082
-133439
-942170
-498756
1188513
1043695
-93445
-891540
-562429
1172813
1049071
-36619
-803958
-604039
1146763
1070579
9154
-741525
-647280
1129339
1069546
81096
-618519
-682697
1102375
1077900
138257
-529760
-732137
1067614
1090559
233344
-378420
-776239
1036051
1080353
307270
-282807
-841008
1025273
1073076
417714
-194081
-912999
956791
1054935
474211
-151955
-918174
893251
1055630
575077
-141820
-1014030
795327
1064440
654892
-148715
-1067870
711342
1089955
706402
-182042
-1158720
632071
1118949
795510
-217822
-1214908
532583
1131666
832940
-265418
-1292966
444623
1137901
885389
-292426
-1337517
328720
1147179
931744
-326270
-1333318
245173
1181137
975982
-335999
-1334087
153231
1178678
1013274
-335965
-1283770
49363
1164774
