988608
3710289
8388607
6404177
-8388608
-8388608
2896992
8388607
7597697
-8388608
-8388608
2092153
8388607
8608
-8388608
3710289
8388607
6404177
-8388608
-8388608
2896992
8388607
7597697
-8388608
-8388608
2092153
8388607
8608
-8388608
3710289
8388607
6404177
-8388608
-8388608
2896992
8388607
7597697
-8388608
-8388608
2092153
8388607
-8388608
-8388608
-8388608
-8388608
-5481557
8388607
8388607
-7412832
-8388608
-6124770
8388607
8388607
-6162652
-8388608
-6677605
8240096
8388607
-4956596
-8388608
-7211840
7970188
8388607
-3683886
-8388608
-7592593
7667931
8388607
-2427060
-8388608
-7955626
7321869
8388607
-1232794
-8388608
-8256817
6964898
8388607
-338870
-8388608
-8388608
6490231
8388607
691974
-8388608
-8388608
5893789
8388607
1817536
-8388608
-8388608
5284141
8388607
2956307
-8388608
-8388608
4580430
8388607
4206487
-8388608
-8388608
3730123
8388607
5309587
-8388608
-8388608
2907297
8388607
6663961
-8388608
-8388608
2051155
8388607
7927156
-8388608
-8388608
1358930
8388607
8388607
-8388608
-8388608
628121
8388607
8388607
-8388608
-8388608
-7715
8388607
8388607
-8388608
-8388608
-589265
8388607
8388607
-8388608
-8388608
-1198452
8388607
8388607
-8388608
-8388608
-1778368
8388607
8388607
-8388608
-8388608
-2424540
8388607
8388607
-8388608
-8388608
-3197795
8388607
8388607
-8388608
-8388608
-3924453
8388607
8388607
-8388608
-8388608
-4674005
8388607
8388607
-8388608
-8388608
-5300219
8388607
8388607
-7280460
-8388608
-5950774
8388607
8388607
-5971448
-8388608
-6525803
8355229
8388607
-4809516
-8388608
-6998760
8036768
8388607
-3500303
-8388608
-7420842
7758292
8388607
-2249145
-8388608
-7768281
7457338
8388607
-1139038
-8388608
-8096455
7068452
8388607
-141659
-8388608
-8373870
6624014
8388607
807384
-8388608
-8388608
6091793
8388607
1967106
-8388608
-8388608
5435817
8388607
3000431
-8388608
-8388608
4743422
8388607
4250611
-8388608
-8388608
3909648
8388607
5530207
-8388608
-8388608
3050480
8388607
6868689
-8388608
-8388608
2269047
8388607
7988547
-8388608
-8388608
1508487
8388607
8388607
-8388608
-8388608
849622
8388607
8388607
-8388608
-8388608
199540
8388607
8388607
-8388608
-8388608
-337951
8388607
8388607
-8388608
-8388608
-939585
8388607
8388607
-8388608
-8388608
-1541160
8388607
8388607
-8388608
-8388608
-2226303
8388607
8388607
-8388608
-8388608
-2959731
8388607
8388607
-8388608
-8388608
-3716056
8388607
8388607
-8388608
-8388608
-4440495
8388607
8388607
-8388608
-8388608
-5111224
8388607
8388607
-7236336
-8388608
-5753293
8388607
8388607
-6059696
-8388608
-6350053
8388607
8388607
-4735009
-8388608
-6844359
8105535
8388607
-3464953
-8388608
-7273430
7811141
8388607
-2243891
-8388608
-7643838
7547362
8388607
-1062597
-8388608
-7960235
7166190
8388607
-110825
-8388608
-8252907
6732714
8388607
877900
-8388608
-8388608
6213179
8388607
1901327
-8388608
-8388608
5619312
8388607
3088679
-8388608
-8388608
4838377
8388607
4338859
-8388608
-8388608
4048734
8388607
5519221
-8388608
-8388608
3195789
8388607
6824916
-8388608
-8388608
2384717
8388607
7958254
-8388608
-8388608
1686372
8388607
8388607
-8388608
-8388608
935344
8388607
8388607
-8388608
-8388608
294186
8388607
8388607
-8388608
-8388608
-282518
8388607
8388607
-8388608
-8388608
-894545
8388607
8388607
-8388608
-8388608
-1452427
8388607
8388607
-8388608
-8388608
-2165048
8388607
8388607
-8388608
-8388608
-2843027
8388607
8388607
-8388608
-8388608
-3567442
8388607
8388607
-8388608
-8388608
-4304971
8388607
8388607
-8388608
-8388608
-4971037
8388607
8388607
-7354000
-8388608
-5585881
8388607
8388607
-6059696
-8388608
-6174613
8388607
8388607
-4757646
-8388608
-6688219
8205869
8388607
-3537766
-8388608
-7129494
7952967
8388607
-2374669
-8388608
-7499177
7622624
8388607
-1188640
-8388608
-7847320
7266229
8388607
-124530
-8388608
-8167014
6790943
8388607
852025
-8388608
-8388608
6291998
8388607
1904316
-8388608
-8388608
5716112
8388607
3000431
-8388608
-8388608
4999692
8388607
4265319
-8388608
-8388608
4144980
8388607
5469033
-8388608
-8388608
3310278
8388607
6745821
-8388608
-8388608
2534030
8388607
7907138
-8388608
-8388608
1790883
8388607
8388607
-8388608
-8388608
1093850
8388607
8388607
-8388608
-8388608
443422
8388607
8388607
-8388608
-8388608
-236992
8388607
8388607
-8388608
-8388608
-769394
8388607
8388607
-8388608
-8388608
-1360686
8388607
8388607
-8388608
-8388608
-1998541
8388607
8388607
-8388608
-8388608
-2723427
8388607
8388607
-8388608
-8388608
-3517675
8388607
8388607
-8388608
-8388608
-4232387
8388607
8388607
-8388608
-8388608
-4906770
8388607
8388607
-7486372
-8388608
-5517817
8388607
8388607
-6265608
-8388608
-6156180
8388607
8388607
-4941914
-8388608
-6643201
8216272
8388607
-3652384
-8388608
-7115456
7955969
8388607
-2484299
-8388608
-7489766
7652565
8388607
-1361550
-8388608
-7834654
7265548
8388607
-335499
-8388608
-8149177
6858593
8388607
611580
-8388608
-8388608
6306529
8388607
1686508
-8388608
-8388608
5748850
8388607
2823935
-8388608
-8388608
5006392
8388607
4044699
-8388608
-8388608
4161616
8388607
5381924
-8388608
-8388608
3355845
8388607
6537716
-8388608
-8388608
2572546
8388607
7720477
-8388608
-8388608
1833385
8388607
8388607
-8388608
-8388608
1112267
8388607
8388607
-8388608
-8388608
463676
8388607
8388607
-8388608
-8388608
-147363
8388607
8388607
-8388608
-8388608
-787108
8388607
8388607
-8388608
-8388608
-1370371
8388607
8388607
-8388608
-8388608
-2029759
8388607
8388607
-8388608
-8388608
-2778805
8388607
8388607
-8388608
-8388608
-3476547
8388607
8388607
-8388608
-8388608
-4251920
8388607
8388607
-8388608
-8388608
-4948690
8388607
8388607
-7486372
-8388608
-5534594
8388607
8388607
-6280316
-8388608
-6118884
8388607
8388607
-5015428
-8388608
-6653294
8170115
8388607
-3781607
-8388608
-7096563
7940008
8388607
-2553063
-8388608
-7471830
7682961
8388607
-1419036
-8388608
-7823520
7293867
8388607
-428203
-8388608
-8143255
6889583
8388607
455137
-8388608
-8388608
6368831
8388607
1518355
-8388608
-8388608
5796307
8388607
2750395
-8388608
-8388608
5121236
8388607
3882911
-8388608
-8388608
4343421
8388607
5133091
-8388608
-8388608
3460035
8388607
6304183
-8388608
-8388608
2660934
8388607
7646598
-8388608
-8388608
1966038
8388607
8388607
-8388608
-8388608
1231844
8388607
8388607
-8388608
-8388608
600800
8388607
8388607
-8388608
-8388608
-70122
8388607
8388607
-8388608
-8388608
-630883
8388607
8388607
-8388608
-8388608
-1227215
8388607
8388607
-8388608
-8388608
-1896632
8388607
8388607
-8388608
-8388608
-2593738
8388607
8388607
-8388608
-8388608
-3267638
8388607
8388607
-8388608
-8388608
-3928352
8388607
8388607
-8388608
-8388608
-4629881
8388607
8388607
-7942320
-8388608
-5264213
8388607
8388607
-6736264
-8388608
-5884215
8388607
8388607
-5626603
-8388608
-6383643
8328220
8388607
-4392266
-8388608
-6878793
8053664
8388607
-3127950
-8388608
-7294144
7816805
8388607
-1874770
-8388608
-7674450
7489927
8388607
-850856
-8388608
-8023440
7108233
8388607
68725
-8388608
-8293445
6619736
8388607
1041298
-8388608
-8388608
6098484
8388607
2176783
-8388608
-8388608
5460799
8388607
3338715
-8388608
-8388608
4740825
8388607
4515355
-8388608
-8388608
3887087
8388607
5826634
-8388608
-8388608
3050583
8388607
7080119
-8388608
-8388608
2249433
8388607
8203203
-8388608
-8388608
1530990
8388607
8388607
-8388608
-8388608
826398
8388607
8388607
-8388608
-8388608
195527
8388607
8388607
-8388608
-8388608
-446972
8388607
8388607
-8388608
-8388608
-1030337
8388607
8388607
-8388608
-8388608
-1636489
8388607
8388607
-8388608
-8388608
-2329454
8388607
8388607
-8388608
-8388608
-3057472
8388607
8388607
-8388608
-8388608
-3793554
8388607
8388607
-8388608
-8388608
-4489723
8388607
8388607
-8162940
-8388608
-5133802
8388607
8388607
-7074548
-8388608
-5707104
8388607
8388607
-5809660
-8388608
-6289959
8388607
8388607
-4660064
-8388608
-6771351
8123680
8388607
-3322753
-8388608
-7196670
7856419
8388607
-2171563
-8388608
-7590820
7522446
8388607
-989818
-8388608
-7933282
7125460
8388607
-48412
-8388608
-8247944
6737781
8388607
848828
-8388608
-8388608
6174788
8388607
1956163
-8388608
-8388608
5620430
8388607
3088679
-8388608
-8388608
4839376
8388607
4309443
-8388608
-8388608
4035711
8388607
5647219
-8388608
-8388608
3260478
8388607
6896015
-8388608
-8388608
2432519
8388607
8021571
-8388608
-8388608
1667763
8388607
8388607
-8388608
-8388608
976559
8388607
8388607
-8388608
-8388608
311333
8388607
8388607
-8388608
-8388608
-314412
8388607
8388607
-8388608
-8388608
-894390
8388607
8388607
-8388608
-8388608
-1521867
8388607
8388607
-8388608
-8388608
-2176816
8388607
8388607
-8388608
-8388608
-2891071
8388607
8388607
-8388608
-8388608
-3667541
8388607
8388607
-8388608
-8388608
-4362872
8388607
8388607
-8324728
-8388608
-4968670
8388607
8388607
-7221628
-8388608
-5588916
8388607
8388607
-5986156
-8388608
-6177153
8388607
8388607
-4669833
-8388608
-6698970
8136354
8388607
-3351110
-8388608
-7150207
7840584
8388607
-2235226
-8388608
-7535056
7523187
8388607
-992478
-8388608
-7862557
7161349
8388607
-134945
-8388608
-8206071
6760008
8388607
816741
-8388608
-8388608
6248695
8388607
1926197
-8388608
-8388608
5597358
8388607
3059263
-8388608
-8388608
4899201
8388607
4340826
-8388608
-8388608
4105940
8388607
5542550
-8388608
-8388608
3305861
8388607
6850530
-8388608
-8388608
2490250
8388607
8003793
-8388608
-8388608
1755328
8388607
8388607
-8388608
-8388608
1034657
8388607
8388607
-8388608
-8388608
370441
8388607
8388607
-8388608
-8388608
-233483
8388607
8388607
-8388608
-8388608
-851579
8388607
8388607
-8388608
-8388608
-1453835
8388607
8388607
-8388608
-8388608
-2162216
8388607
8388607
-8388608
-8388608
-2853518
8388607
8388607
-8388608
-8388608
-3574944
8388607
8388607
-8388608
-8388608
-4296544
8388607
8388607
-8388608
-8388608
-4952504
8388607
8388607
-7324584
-8388608
-5549581
8388607
8388607
-6103820
-8388608
-6114418
8388607
8388607
-4770528
-8388608
-6646325
8132157
8388607
-3504399
-8388608
-7103821
7921360
8388607
-2280474
-8388608
-7465256
7569096
8388607
-1205869
-8388608
-7824408
7196185
8388607
-213974
-8388608
-8137978
6803583
8388607
736220
-8388608
-8388608
6309629
8388607
1769793
-8388608
-8388608
5695377
8388607
2956307
-8388608
-8388608
4997556
8388607
4125132
-8388608
-8388608
4215464
8388607
5381232
-8388608
-8388608
3359341
8388607
6564408
-8388608
-8388608
2553817
8388607
7829025
-8388608
-8388608
1857482
8388607
8388607
-8388608
-8388608
1116188
8388607
8388607
-8388608
-8388608
471706
8388607
8388607
-8388608
-8388608
-130905
8388607
8388607
-8388608
-8388608
-736937
8388607
8388607
-8388608
-8388608
-1358200
8388607
8388607
-8388608
-8388608
-2074485
8388607
8388607
-8388608
-8388608
-2748964
8388607
8388607
-8388608
-8388608
-3484718
8388607
8388607
-8388608
-8388608
-4195378
8388607
8388607
-8388608
-8388608
-4878680
8388607
8388607
-7427540
-8388608
-5483847
8388607
8388607
-6247723
-8388608
-6066858
8388607
8388607
-4963542
-8388608
-6570281
8254536
8388607
-3677083
-8388608
-7022134
7991633
8388607
-2497663
-8388608
-7405085
7662926
8388607
-1334598
-8388608
-7749780
7294229
8388607
-329787
-8388608
-8047081
6898771
8388607
557068
-8388608
-8344541
6406296
8388607
1534290
-8388608
-8388608
5858787
8388607
2662147
-8388608
-8388608
5199198
8388607
3868203
-8388608
-8388608
4440158
8388607
5069140
-8388608
-8388608
3568277
8388607
6283010
-8388608
-8388608
2771693
8388607
7576204
-8388608
-8388608
2039014
8388607
8388607
-8388608
-8388608
1368995
8388607
8388607
-8388608
-8388608
684429
8388607
8388607
-8388608
-8388608
45135
8388607
8388607
-8388608
-8388608
-576174
8388607
8388607
-8388608
-8388608
-1148392
8388607
8388607
-8388608
-8388608
-1731463
8388607
8388607
-8388608
-8388608
-2453591
8388607
8388607
-8388608
-8388608
-3151971
8388607
8388607
-8388608
-8388608
-3847176
8388607
8388607
-8388608
-8388608
-4593286
8388607
8388607
-7883488
-8388608
-5153575
8388607
8388607
-6868636
-8388608
-5782823
8388607
8388607
-5603720
-8388608
-6307544
8388607
8388607
-4374942
-8388608
-6770952
8147619
8388607
-3092210
-8388608
-7180791
7889239
8388607
-1917705
-8388608
-7541493
7594755
8388607
-853252
-8388608
-7881808
7171959
8388607
96924
-8388608
-8192596
6698017
8388607
1038670
-8388608
-8388608
6158043
8388607
2176783
-8388608
-8388608
5550762
8388607
3338715
-8388608
-8388608
4862428
8388607
4435784
-8388608
-8388608
4014303
8388607
5806638
-8388608
-8388608
3143895
8388607
7034017
-8388608
-8388608
2404281
8388607
8226795
-8388608
-8388608
1666344
8388607
8388607
-8388608
-8388608
947608
8388607
8388607
-8388608
-8388608
322145
8388607
8388607
-8388608
-8388608
-280731
8388607
8388607
-8388608
-8388608
-854619
8388607
8388607
-8388608
-8388608
-1453081
8388607
8388607
-8388608
-8388608
-2158921
8388607
8388607
-8388608
-8388608
-2923049
8388607
8388607
-8388608
-8388608
-3607607
8388607
8388607
-8388608
-8388608
-4301057
8388607
8388607
-8310020
-8388608
-5038231
8388607
8388607
-7118672
-8388608
-5591169
8388607
8388607
-5853784
-8388608
-6177483
8388607
8388607
-4686951
-8388608
-6658622
8285258
8388607
-3358733
-8388608
-7063787
8015356
8388607
-2277074
-8388608
-7421729
7745868
8388607
-1140405
-8388608
-7753839
7383843
8388607
-180931
-8388608
-8069851
6908473
8388607
779490
-8388608
-8377173
6400102
8388607
1845400
-8388608
-8388608
5810362
8388607
2941599
-8388608
-8388608
5122261
8388607
4235903
-8388608
-8388608
4327847
8388607
5336820
-8388608
-8388608
3535188
8388607
6562552
-8388608
-8388608
2727484
8388607
7786040
-8388608
-8388608
1913876
8388607
8388607
-8388608
-8388608
1224766
8388607
8388607
-8388608
-8388608
544107
8388607
8388607
-8388608
-8388608
-53098
8388607
8388607
-8388608
-8388608
-653971
8388607
8388607
-8388608
-8388608
-1247377
8388607
8388607
-8388608
-8388608
-1902280
8388607
8388607
-8388608
-8388608
-2656864
8388607
8388607
-8388608
-8388608
-3344114
8388607
8388607
-8388608
-8388608
-4061402
8388607
8388607
-8388608
-8388608
-4706439
8388607
8388607
-7589328
-8388608
-5404495
8388607
8388607
-6353856
-8388608
-5916629
8388607
8388607
-5191845
-8388608
-6436311
8388607
8388607
-3995397
-8388608
-6917337
8154688
8388607
-2719768
-8388608
-7307667
7901788
8388607
-1545205
-8388608
-7615894
7565328
8388607
-535065
-8388608
-7956176
7177028
8388607
366026
-8388608
-8231021
6702747
8388607
1290996
-8388608
-8388608
6142332
8388607
2353279
-8388608
-8388608
5513719
8388607
3618167
-8388608
-8388608
4746213
8388607
4810894
-8388608
-8388608
3936858
8388607
6064526
-8388608
-8388608
3103370
8388607
7114936
-8388608
-8388608
2336173
8388607
8297016
-8388608
-8388608
1564248
8388607
8388607
-8388608
-8388608
880139
8388607
8388607
-8388608
-8388608
288973
8388607
8388607
-8388608
-8388608
-340737
8388607
8388607
-8388608
-8388608
-885259
8388607
8388607
-8388608
-8388608
-1503367
8388607
8388607
-8388608
-8388608
-2224155
8388607
8388607
-8388608
-8388608
-2933647
8388607
8388607
-8388608
-8388608
-3717461
8388607
8388607
-8388608
-8388608
-4371708
8388607
8388607
-8133524
-8388608
-5070238
8388607
8388607
-7001008
-8388608
-5667062
8388607
8388607
-5765536
-8388608
-6201269
8388607
8388607
-4444778
-8388608
-6720859
8258647
8388607
-3225258
-8388608
-7124192
7959692
8388607
-1989366
-8388608
-7488948
7692654
8388607
-945639
-8388608
-7803643
7343405
8388607
-26963
-8388608
-8114566
6918385
8388607
868405
-8388608
-8385493
6432838
8388607
1970834
-8388608
-8388608
5792059
8388607
3162219
-8388608
-8388608
5075734
8388607
4353567
-8388608
-8388608
4242297
8388607
5528962
-8388608
-8388608
3352869
8388607
6884771
-8388608
-8388608
2563134
8388607
7983106
-8388608
-8388608
1864123
8388607
8388607
-8388608
-8388608
1138078
8388607
8388607
-8388608
-8388608
506792
8388607
8388607
-8388608
-8388608
-109940
8388607
8388607
-8388608
-8388608
-713236
8388607
8388607
-8388608
-8388608
-1243982
8388607
8388607
-8388608
-8388608
-1922376
8388607
8388607
-8388608
-8388608
-2632156
8388607
8388607
-8388608
-8388608
-3386658
8388607
8388607
-8388608
-8388608
-4127435
8388607
8388607
-8388608
-8388608
-4750984
8388607
8388607
-7427540
-8388608
-5394745
8388607
8388607
-6295024
-8388608
-5971492
8388607
8388607
-5082368
-8388608
-6459124
8381690
8388607
-3796760
-8388608
-6930868
8094727
8388607
-2594625
-8388608
-7275439
7783637
8388607
-1436721
-8388608
-7639936
7429365
8388607
-396461
-8388608
-7974658
7085284
8388607
468145
-8388608
-8268202
6605888
8388607
1420524
-8388608
-8388608
6007562
8388607
2632731
-8388608
-8388608
5286385
8388607
3838787
-8388608
-8388608
4561008
8388607
5117605
-8388608
-8388608
3642874
8388607
6357471
-8388608
-8388608
2865825
8388607
7548844
-8388608
-8388608
2114568
8388607
8388607
-8388608
-8388608
1379496
8388607
8388607
-8388608
-8388608
739551
8388607
8388607
-8388608
-8388608
81349
8388607
8388607
-8388608
-8388608
-478458
8388607
8388607
-8388608
-8388608
-1028981
8388607
8388607
-8388608
-8388608
-1670479
8388607
8388607
-8388608
-8388608
-2427092
8388607
8388607
-8388608
-8388608
-3189027
8388607
8388607
-8388608
-8388608
-3817368
8388607
8388607
-8388608
-8388608
-4547036
8388607
8388607
-7912904
-8388608
-5188003
8388607
8388607
-6721556
-8388608
-5795169
8388607
8388607
-5441960
-8388608
-6357226
8388607
8388607
-4245945
-8388608
-6810753
8186468
8388607
-2933745
-8388608
-7208342
7832529
8388607
-1809983
-8388608
-7551753
7535786
8388607
-710563
-8388608
-7893598
7140744
8388607
202935
-8388608
-8193285
6706968
8388607
1135043
-8388608
-8388608
6126897
8388607
2250323
-8388608
-8388608
5533692
8388607
3397547
-8388608
-8388608
4813478
8388607
4621969
-8388608
-8388608
3963332
8388607
5880424
-8388608
-8388608
3138874
8388607
7096633
-8388608
-8388608
2315922
8388607
8308392
-8388608
-8388608
1606997
8388607
8388607
-8388608
-8388608
943276
8388607
8388607
-8388608
-8388608
294932
8388607
8388607
-8388608
-8388608
-316269
8388607
8388607
-8388608
-8388608
-920648
8388607
8388607
-8388608
-8388608
-1474096
8388607
8388607
-8388608
-8388608
-2175504
8388607
8388607
-8388608
-8388608
-2877175
8388607
8388607
-8388608
-8388608
-3592261
8388607
8388607
-8388608
-8388608
-4263271
8388607
8388607
-8388608
-8388608
-4952443
8388607
8388607
-7251044
-8388608
-5573441
8388607
8388607
-5985141
-8388608
-6121857
8388607
8388607
-4788316
-8388608
-6646392
8258821
8388607
-3491034
-8388608
-7087007
7971771
8388607
-2429045
-8388608
-7451771
7676172
8388607
-1265841
-8388608
-7794138
7300653
8388607
-244448
-8388608
-8115915
6886795
8388607
709421
-8388608
-8388608
6348293
8388607
1788283
-8388608
-8388608
5783268
8388607
2809227
-8388608
-8388608
5063294
8388607
4132947
-8388608
-8388608
4254014
8388607
5305552
-8388608
-8388608
3491506
8388607
6611181
-8388608
-8388608
2665393
8388607
7780327
-8388608
-8388608
1929558
8388607
8388607
-8388608
-8388608
1228013
8388607
8388607
-8388608
-8388608
598352
8388607
8388607
-8388608
-8388608
4386
8388607
8388607
-8388608
-8388608
-644096
8388607
8388607
-8388608
-8388608
-1203023
8388607
8388607
-8388608
-8388608
-1792969
8388607
8388607
-8388608
-8388608
-2549700
8388607
8388607
-8388608
-8388608
-3296177
8388607
8388607
-8388608
-8388608
-4012024
8388607
8388607
-8388608
-8388608
-4670433
8388607
8388607
-7648160
-8388608
-5266203
8388607
8388607
-6471520
-8388608
-5885424
8388607
8388607
-5215032
-8388608
-6436500
8303572
8388607
-3930566
-8388608
-6968377
8062223
8388607
-2718507
-8388608
-7314652
7764716
8388607
-1670969
-8388608
-7658861
7401333
8388607
-582289
-8388608
-7997814
6973807
8388607
289773
-8388608
-8292648
6556433
8388607
1309392
-8388608
-8388608
6054847
8388607
2338571
-8388608
-8388608
5380235
8388607
3500503
-8388608
-8388608
4640674
8388607
4786162
-8388608
-8388608
3765179
8388607
5987222
-8388608
-8388608
3016190
8388607
7196952
-8388608
-8388608
2284972
8388607
8385385
-8388608
-8388608
1584220
8388607
8388607
-8388608
-8388608
930367
8388607
8388607
-8388608
-8388608
268256
8388607
8388607
-8388608
-8388608
-338970
8388607
8388607
-8388608
-8388608
-948211
8388607
8388607
-8388608
-8388608
-1527421
8388607
8388607
-8388608
-8388608
-2185340
8388607
8388607
-8388608
-8388608
-2961240
8388607
8388607
-8388608
-8388608
-3680103
8388607
8388607
-8388608
-8388608
-4354989
8388607
8388607
-8280604
-8388608
-5001924
8388607
8388607
-7089256
-8388608
-5624058
8388607
8388607
-5894878
-8388608
-6204707
8359219
8388607
-4614310
-8388608
-6772979
8154688
8388607
-3436858
-8388608
-7145301
7884445
8388607
-2237595
-8388608
-7510410
7557922
8388607
-1079192
-8388608
-7868512
7189053
8388607
-183998
-8388608
-8180822
6761694
8388607
767028
-8388608
-8388608
6274503
8388607
1792377
-8388608
-8388608
5681164
8388607
2956307
-8388608
-8388608
5032875
8388607
4118239
-8388608
-8388608
4239805
8388607
5336107
-8388608
-8388608
3460414
8388607
6502353
-8388608
-8388608
2644584
8388607
7820125
-8388608
-8388608
1936356
8388607
8388607
-8388608
-8388608
1240928
8388607
8388607
-8388608
-8388608
574876
8388607
8388607
-8388608
-8388608
30370
8388607
8388607
-8388608
-8388608
-571995
8388607
8388607
-8388608
-8388608
-1098880
8388607
8388607
-8388608
-8388608
-1693665
8388607
8388607
-8388608
-8388608
-2402843
8388607
8388607
-8388608
-8388608
-3102908
8388607
8388607
-8388608
-8388608
-3810034
8388607
8388607
-8388608
-8388608
-4504230
8388607
8388607
-7957028
-8388608
-5155524
8388607
8388607
-6853928
-8388608
-5815591
8388607
8388607
-5691996
-8388608
-6474970
8388607
8388607
-4485940
-8388608
-7057845
8388607
8388607
-3368132
-8388608
-7513061
8388607
8388607
-2116754
-8388608
-7903441
8300115
8388607
-1095092
-8388608
-8244185
8206759
8388607
-234664
-8388608
-8388608
8016311
8388607
589323
-8388608
-8388608
7835565
8388607
1573755
-8388608
-8388608
7638919
8388607
2750395
-8388608
-8388608
7304816
8388607
3838787
-8388608
-8388608
7001031
8388607
5030135
-8388608
-8388608
6496844
8388607
6162651
-8388608
-8388608
6274298
8388607
7089255
-7868780
-8388608
7456955
8388607
8388607
-8388608
-8388608
5486083
8388607
8388607
-8388608
-8388608
4427107
8388607
8388607
-8388608
-8388608
3132803
8388607
8388607
-8388608
-8388608
1867915
8388607
8388607
-8388608
-8388608
766743
8388607
8388607
-8388608
-8388608
-14709
8388607
8388607
-8388608
-8388608
-338285
8388607
8388607
-8388608
-8388608
-1220765
8388607
8388607
-8388608
-8388608
-2823937
8388607
8388607
-8388608
-8388608
-3691709
8388607
8388607
-8388608
-8388608
-5177217
8388607
8388607
-7295168
-8388608
-6324441
8388607
8388607
-6000864
-8388608
-7618745
8388607
8388607
-4971304
-8388608
-8388608
8388607
8388607
-3853496
-8388608
-8388608
8388607
8388607
-2691564
-8388608
-8388608
8388607
8388607
-1529632
-8388608
-8388608
8388607
8388607
-285488
-8388608
-8388608
8388607
8388607
250035
-8388608
-8388608
8388607
8388607
1338427
-8388608
-8388608
8388607
8388607
2588607
-8388608
-8388608
8388607
8388607
3794663
-8388608
-8388608
8388607
8388607
5000719
-8388608
-8388608
8388607
8388607
6000863
-8388608
-8388608
8388607
8388607
7074547
-8388608
-8388608
7515787
8388607
8192355
-8388608
-8388608
6353855
8388607
8388607
-8388608
-8388608
4662435
8388607
8388607
-8388608
-8388608
3338715
8388607
8388607
-8388608
-8388608
2676855
8388607
8388607
-8388608
-8388608
1514923
8388607
8388607
-8388608
-8388608
713925
8388607
8388607
-8388608
-8388608
24832
8388607
8388607
-8388608
-8388608
-647153
8388607
8388607
-8388608
-8388608
-1882625
8388607
8388607
-8388608
-8388608
-3000433
8388607
8388607
-8388608
-8388608
-4530065
8388607
8388607
-7456956
-8388608
-5897909
8388607
8388607
-6089112
-8388608
-7206921
8388607
8388607
-5074260
-8388608
-8388608
8388607
8388607
-3971160
-8388608
-8388608
8388607
8388607
-2809228
-8388608
-8388608
8388607
8388607
-1647296
-8388608
-8388608
8388607
8388607
-272799
-8388608
-8388608
8388607
8388607
161787
-8388608
-8388608
8388607
8388607
1662003
-8388608
-8388608
8388607
8388607
3279883
-8388608
-8388608
8388607
8388607
4588895
-8388608
-8388608
8388607
8388607
5824367
-8388608
-8388608
8251187
8388607
7148087
-8388608
-8388608
8388607
8388607
5324295
-8388608
-8388608
7898195
8388607
8388607
-8388608
-8388608
4819951
8388607
8388607
-8388608
-8388608
792630
8388607
8388607
-8388608
-8388608
1141601
8388607
8388607
-7516010
-8388608
-1710752
8388607
8388607
-7876560
-8388608
-2229715
8388607
8388607
-8089400
-8388608
-1556184
8388607
8388607
-8388608
-8388608
-2619583
8388607
8388607
-8388608
-8388608
-3556175
8388607
8388607
-8388608
-8388608
-4377223
8388607
8388607
-7574620
-8388608
-4898212
8388607
8388607
-5642891
-8388608
-5488866
8388607
8388607
-5133092
-8388608
-6580761
7950232
8388607
-3136634
-8388608
-6786402
7139492
8388607
-1307837
-8388608
-7282240
7098134
8388607
-677168
-8388608
-7739723
6977082
8388607
-41778
-8388608
-8130074
6629713
8388607
849169
-8388608
-8388608
6409358
8388607
1544339
-8388608
-8388608
5944170
8388607
2456235
-8388608
-8388608
4993141
8388607
3691707
-8388608
-8388608
7013569
8388607
4471231
-8388608
-8388608
5415855
8388607
5677287
-8388608
-8388608
5240006
8388607
7001007
-8388608
-8388608
4483307
8388607
8162939
-8388608
-8388608
3275961
8388607
8388607
-8388608
-8388608
2303076
8388607
8388607
-8388608
-8388608
2220417
8388607
8388607
-8388608
785119
4396881
8388607
8388607
-8388608
-8388608
669340
8388607
8388607
-8388608
-8388608
-1184254
8388607
8388607
-8388608
-8388608
-1475924
8388607
8388607
-8388608
-8388608
346088
8388607
8388607
-8388608
-8388608
-1790185
8388607
8388607
-8388608
-8388608
-2767378
8388607
8388607
-8388608
-8388608
-4493282
8388607
8388607
-7662868
-8388608
-5532747
8388607
8388607
-6353856
-8388608
-5910690
8388607
8388607
-5177216
-8388608
-5598343
7882361
8388607
-2864475
-8388608
-6618076
6319764
8388607
-237627
-8388608
-5580581
6274996
8388607
2176633
-8388608
-5845258
6388984
8388607
1217157
-8388608
-6557176
5468206
8388607
2445487
-8388608
-7234885
4569347
8388607
3667758
-8388608
-7394551
4475857
8388607
4470942
-8388608
-7807374
3415870
8388607
5446006
-8388608
-7938801
2650670
8388607
6579951
-8388608
-8162106
2067352
8388607
7815356
-8388608
-7591929
1978293
8388607
8388607
-8388608
-8388608
1072414
8388607
8388607
-8388608
-8388608
483981
8388607
8388607
-8388608
-8388608
786575
8388607
8388607
-8388608
-8388608
-783154
8388607
8388607
-8388608
-8388608
-996094
8388607
8388607
-8388608
-8388608
-1388702
8388607
8388607
-8388608
-8388608
-1915531
8388607
8388607
-8388608
-8388608
-2306765
8388607
8388607
-8388608
-8388608
-2849955
8388607
8388607
-8302674
-8388608
-3295519
8388607
8388607
-7436523
-8388608
-3681380
8388607
8388607
-6458862
-8388608
-4063625
8262576
8388607
-5415591
-8388608
-4519530
7899747
8388607
-4271577
-8388608
-4956879
7497493
8388607
-3203984
-8388608
-5222422
7150595
8388607
-2064162
-8388608
-5509516
6695555
8388607
-939645
-8388608
-5789572
6231160
8388607
59126
-8388608
-6041393
5763696
8388607
1093446
-8388608
-6282723
5244032
8388607
1955371
-8388608
-6576139
4732561
8388607
2996352
-8388608
-6816435
4198150
8388607
4070068
-8388608
-7061060
3640461
8388607
5077278
-8388608
-7302994
3100017
8388607
6062396
-8388608
-7563936
2580967
8388607
7005576
-8388608
-7857975
2030715
8388607
7904911
-8388608
-8076536
1468024
8388607
8388607
-8388608
-8339173
949319
8388607
8388607
-8388608
-8388608
455970
8388607
8388607
-8388608
-8388608
-2489
8388607
8388607
-8388608
-8388608
-505503
8388607
8388607
-8388608
-8388608
-958936
8388607
8388607
-8388608
-8388608
-1458308
8388607
8388607
-8388608
-8388608
-1959225
8388607
8388607
-8388608
-8388608
-2128321
8388607
8388607
-8330617
-8388608
-2571931
8388607
8388607
-7409011
-8388608
-3051958
8172527
8388607
-6432740
-8388608
-3511251
7857283
8388607
-5452450
-8388608
-3918675
7498072
8388607
-4449788
-8388608
-4305159
7121835
8388607
-3409814
-8388608
-4653788
6751251
8388607
-2309340
-8388608
-4938521
6381582
8388607
-1311374
-8388608
-5169015
5900211
8388607
-407609
-8388608
-5385552
5403379
8388607
480273
-8388608
-5579794
4874287
8388607
1416310
-8388608
-5775270
4314716
8388607
2478317
-8388608
-5990182
3811946
8388607
3548084
-8388608
-6225332
3348300
8388607
4597739
-8388608
-6396798
2857915
8388607
5583112
-8388608
-6617531
2339021
8388607
6588082
-8388608
-6886945
1828864
8388607
7588542
-8388608
-7189368
1301136
8388607
8375269
-8388608
-7533737
754357
8388607
8388607
-8388608
-8107625
290835
8388607
8388607
-8388608
-8388608
1508824
8388607
8388607
-8388608
-8388608
7015
8388607
8388607
-8388608
-8388608
-1087335
8388607
8388607
-8388608
-8388608
-1946185
8388607
8388607
-8388608
-8388608
-2765863
8388607
8388607
-8388608
-8388608
-3486078
8388607
8388607
-8388608
-8388608
-4886535
8388607
8388607
-8104108
-8388608
-5778565
7360703
8388607
-6050957
-8388608
-8388608
7901683
8388607
-4197969
-8388608
-7182820
7400720
8388607
-4309444
-8388608
-7604291
7800320
8388607
-2889080
-8388608
-8258315
8388607
8388607
-2353280
-8388608
-8388608
8310254
8388607
-1311009
-8388608
-8286613
7741749
8388607
-197946
-8388608
-8296095
6461520
8388607
1174072
-8388608
-7907906
3966936
8388607
3881963
-8388608
-6707258
-49667
839280
8388607
1513083
-3414095
-7105461
-8388608
7988414
8388607
2054396
-3797826
-8388608
7280653
8388607
2792525
-8388608
-8388608
6924599
8388607
5197483
-8388608
-8388608
3664410
8388607
7616354
-8388608
-8388608
1996548
8388607
8388607
-8388608
-8388608
792236
8388607
8388607
-8388608
-8388608
-629443
8388607
8388607
-8388608
-8388608
-1660828
8388607
8388607
-8015860
-8388608
-8388608
8388607
8388607
-956020
-8388608
-8388608
8388607
8388607
-121369
-8388608
-8388608
8388607
8388607
235327
-8388608
-8388608
8388607
8388607
1103099
-8388608
-8388608
8388607
8388607
470655
-8388608
-8388608
8388607
8388607
1779667
-8388608
-8388608
8388607
8388607
2941599
-8388608
-8388608
8388607
8388607
4250611
-8388608
-8388608
7927611
8388607
5824367
-8388608
-8388608
6706847
8388607
6986299
-8388608
-8388608
5603747
8388607
8388607
-8388608
-8388608
4118239
8388607
8388607
-8388608
-8388608
3162219
8388607
8388607
-8388608
-8388608
2279739
8388607
8388607
-8388608
-8388608
1161931
8388607
8388607
-8388608
-8388608
121406
8388607
8388607
-8388608
-8388608
-352993
8388607
8388607
-8388608
-8388608
-1603173
8388607
8388607
-8388608
-8388608
-2735689
8388607
8388607
-8388608
-8388608
-3927037
8388607
8388607
-8388608
-8388608
-5147801
8388607
8388607
-8388608
-8388608
-6412689
8388607
8388607
-8162940
-8388608
-7633453
8388607
8388607
-6750972
-8388608
-8388608
8388607
8388607
-5574332
-8388608
-8388608
8388607
8388607
-4368276
-8388608
-8388608
8388607
8388607
-3176928
-8388608
-8388608
8388607
8388607
-1941456
-8388608
-8388608
8388607
8388607
-629871
-8388608
-8388608
8388607
8388607
73539
-8388608
-8388608
8388607
8388607
720691
-8388608
-8388608
8388607
8388607
1823791
-8388608
-8388608
8388607
8388607
3044555
-8388608
-8388608
8388607
8388607
4103531
-8388608
-8388608
8104107
8388607
5647871
-8388608
-8388608
6986299
8388607
6618599
-8388608
-8388608
5883199
8388607
7883487
-8388608
-8388608
4662435
8388607
8388607
-8388608
-8388608
3206343
8388607
8388607
-8388608
-8388608
2220907
8388607
8388607
-8388608
-8388608
905860
8388607
8388607
-8388608
-8388608
119918
8388607
8388607
-8388608
-8388608
-500073
8388607
8388607
-8388608
-8388608
-1632589
8388607
8388607
-8388608
-8388608
-2838645
8388607
8388607
-8388608
-8388608
-4015285
8388607
8388607
-8388608
-8388608
-5103677
8388607
8388607
-8388608
-8388608
-6383273
8388607
8388607
-7912904
-8388608
-7795241
8388607
8388607
-6442104
-8388608
-8388608
8388607
8388607
-5412544
-8388608
-8388608
8388607
8388607
-4147656
-8388608
-8388608
8388607
8388607
-2838644
-8388608
-8388608
8388607
8388607
-1809084
-8388608
-8388608
8388607
8388607
-425915
-8388608
-8388608
8388607
8388607
102955
-8388608
-8388608
8388607
8388607
632443
-8388608
-8388608
8388607
8388607
2044411
-8388608
-8388608
8388607
8388607
3132803
-8388608
-8388608
8388607
8388607
4324151
-8388608
-8388608
7868779
8388607
5677287
-8388608
-8388608
6809803
8388607
6662723
-8388608
-8388608
5574331
8388607
8118815
-8388608
-8388608
4353567
8388607
8388607
-8388608
-8388608
3015139
8388607
8388607
-8388608
-8388608
1926747
8388607
8388607
-8388608
-8388608
581217
8388607
8388607
-8388608
-8388608
-1
8388607
8388607
-8388608
-8388608
-779525
8388607
8388607
-8388608
-8388608
-2029705
8388607
8388607
-8388608
-8388608
-3235761
8388607
8388607
-8388608
-8388608
-4221197
8388607
8388607
-8388608
-8388608
-5412545
8388607
8388607
-8388608
-8388608
-6780389
8388607
8388607
-7501080
-8388608
-7986445
8388607
8388607
-6265608
-8388608
-8388608
8388607
8388607
-5118384
-8388608
-8388608
8388607
8388607
-3927036
-8388608
-8388608
8388607
8388607
-2809228
-8388608
-8388608
8388607
8388607
-1588464
-8388608
-8388608
8388607
8388607
-362317
-8388608
-8388608
8388607
8388607
132371
-8388608
-8388608
8388607
8388607
1161931
-8388608
-8388608
8388607
8388607
2117951
-8388608
-8388608
8388607
8388607
3574043
-8388608
-8388608
8388607
8388607
4618311
-8388608
-8388608
7721699
8388607
5589039
-8388608
-8388608
6559767
8388607
6898051
-8388608
-8388608
5250755
8388607
8104107
-8388608
-8388608
4177071
8388607
8388607
-8388608
-8388608
2882767
8388607
8388607
-8388608
-8388608
1779667
8388607
8388607
-8388608
-8388608
506742
8388607
8388607
-8388608
-8388608
-29417
8388607
8388607
-8388608
-8388608
-764817
8388607
8388607
-8388608
-8388608
-2014997
8388607
8388607
-8388608
-8388608
-3338717
8388607
8388607
-8388608
-8388608
-4485941
8388607
8388607
-8388608
-8388608
-5677289
8388607
8388607
-8388608
-8388608
8388607
8388607
1732692
-1408588
-8388608
8388607
3785181
5450349
-3632263
450457
8388607
3189902
57534
-2194405
8388607
8388607
-121944
2941427
-3926839
8388607
8388607
-8388608
-8388608
-480679
8388607
8388607
-8388608
-8388608
-234253
8388607
4195979
-8388608
-8388608
2348755
8388607
8388607
-8388608
-8388608
4061328
8388607
8388607
-8388608
-8388608
-1755714
8388607
8388607
-8388608
-8388608
-3856906
8388607
8388607
-8388608
-8388608
-5110711
8388607
8388607
-7324584
-8388608
-7196342
8388607
8388607
-5942032
-8388608
-5855367
8388607
8388607
-4794808
-8388608
-6421650
8388607
8388607
-3809372
-8388608
-6813735
8388607
8388607
-2573900
-8388608
-6695452
8388607
8388607
-1195484
-8388608
-5421405
8388607
8388607
-214640
-8388608
-7982246
8388607
8388607
478840
-8388608
-8388608
8388607
8388607
1264887
-8388608
-8388608
7784675
8388607
2353279
-8388608
-8388608
8293268
8388607
3485795
-8388608
-8388608
8108097
8388607
4794807
-8388608
-8388608
7633451
8388607
5927323
-8388608
-8388608
7095221
8388607
7162795
-8388608
-8388608
6426270
8388607
8388607
-8388608
-8388608
6116323
8388607
8388607
-8388608
-8388608
5292357
8388607
8388607
-8388608
-8388608
4095617
8388607
8388607
-8388608
-8388608
2247091
8388607
8388607
-8388608
-8388608
1483980
8388607
8388607
-8388608
-8388608
705397
8388607
8388607
-8388608
-8388608
59060
8388607
8388607
-8388608
-8388608
-411825
8388607
8388607
-8388608
-8388608
-1617881
8388607
8388607
-8388608
-8388608
-2926893
8388607
8388607
-8388608
-8388608
-3956453
8388607
8388607
-8339436
-8388608
-5309589
8388607
8388607
-7192212
-8388608
-6442105
8388607
8388607
-5824368
-8388608
-7824657
8388607
8388607
-4853640
-8388608
-8388608
8388607
8388607
-3456380
-8388608
-8388608
8388607
8388607
-2323864
-8388608
-8388608
8388607
8388607
-1035357
-8388608
-8388608
8388607
8388607
102955
-8388608
-8388608
8388607
8388607
1014851
-8388608
-8388608
8388607
8388607
2235615
-8388608
-8388608
8388607
8388607
3456379
-8388608
-8388608
8388607
8388607
4647727
-8388608
-8388608
8388607
8388607
5883199
-8388608
-8388608
8015859
8388607
7206919
-8388608
-8388608
6839219
8388607
8295311
-8388608
-8388608
5618455
8388607
8388607
-8388608
-8388608
4250611
8388607
8388607
-8388608
-8388608
2853351
8388607
8388607
-8388608
-8388608
1706127
8388607
8388607
-8388608
-8388608
476398
8388607
8388607
-8388608
-8388608
-58833
8388607
8388607
-8388608
-8388608
-1073685
8388607
8388607
-8388608
-8388608
-2338573
8388607
8388607
-8388608
-8388608
-3515213
8388607
8388607
-8388608
-8388608
-4780101
8388607
8388607
-8295312
-8388608
-6044989
8388607
8388607
-7162796
-8388608
-7059841
8388607
8388607
-5942032
-8388608
-8324729
8388607
8388607
-4691852
-8388608
-8388608
8388607
8388607
-3441672
-8388608
-8388608
8388607
8388607
-2176784
-8388608
-8388608
8388607
8388607
-954182
-8388608
-8388608
8388607
8388607
-20769
-8388608
-8388608
8388607
8388607
426531
-8388608
-8388608
8388607
8388607
1720835
-8388608
-8388608
8388607
8388607
2941599
-8388608
-8388608
8388607
8388607
4132947
-8388608
-8388608
8388607
8388607
5383127
-8388608
-8388608
8388607
8388607
6471519
-8388608
-8388608
7353999
8388607
7633451
-8388608
-8388608
6162651
8388607
8388607
-8388608
-8388608
4941887
8388607
8388607
-8388608
-8388608
3838787
8388607
8388607
-8388608
-8388608
2676855
8388607
8388607
-8388608
-8388608
1485507
8388607
8388607
-8388608
-8388608
416424
8388607
8388607
-8388608
-8388608
-44125
8388607
8388607
-8388608
-8388608
-191205
8388607
8388607
-8388608
-8388608
-1323721
8388607
8388607
-8388608
-8388608
489167
8388607
8388607
-8388608
-8388608
-3334879
8388607
8388607
-8388608
-8388608
-3685427
8388607
8388607
-6692140
-8388608
-7425544
8388607
8388607
-6456812
-8388608
-6250410
8388607
8388607
-4588896
-8388608
-8388608
8388607
8388607
-3412256
-8388608
-7724752
8388607
8388607
-2014996
-8388608
-8160847
8388607
8388607
-661292
-8388608
-8388608
8388607
8388607
78713
-8388608
-8388608
8388607
8388607
1029559
-8388608
-8388608
8388607
8388607
2235615
-8388608
-8388608
8388607
8388607
3456379
-8388608
-8388608
8388607
8388607
4765391
-8388608
-8388608
7795239
8388607
5956739
-8388608
-8388608
6733408
8388607
7265751
-8388608
-8388608
5823653
8388607
8388607
-8388608
-8388608
4997889
8388607
8388607
-8388608
-8388608
4117464
8388607
8388607
-8388608
-8388608
3124749
8388607
8388607
-8388608
-8388608
2027952
8388607
8388607
-8388608
-8388608
2448359
8388607
8388607
-7997792
-8388608
-2946560
8388607
8388607
-8169973
-8388608
-2832240
8388607
8388607
-8388608
-8388608
-4163199
8388607
8388607
-8388608
-8388608
-5167448
8388607
8388607
-8388608
-8388608
-6239729
8388607
8388607
-7148088
-8388608
-6753232
8388607
8388607
-5942032
-8388608
-5397528
8388607
8388607
-4603604
-8388608
-8388608
8388607
8388607
-4912472
-8388608
-6197957
6440625
8388607
1599012
-8388608
-5102223
4298691
8388607
3553507
-8388608
-5222199
3961595
8388607
3982193
-8388608
-5917248
4934241
8388607
3394063
-8388608
-6394141
6323985
8388607
3115049
-8388608
-7106683
5694950
8388607
3569076
-8388608
-7065882
3688161
8388607
5719202
-8388608
-6666578
2211573
8388607
7220242
-8093982
-6870493
1685520
8388607
8069053
-8266284
-6795915
2100887
8388607
8388607
-8388608
-6405103
2336442
8388607
8388607
-8359252
-6938125
882667
8388607
8388607
-6935822
-7076998
188116
8388607
8388607
-6522955
-7750724
-399819
8388607
8388607
-7289516
-8257992
-697237
8388607
8388607
-7747486
-8388608
-1319175
8388607
8388607
-7223036
-8388608
-1772082
8388607
8388607
-6775021
-8388608
-2136010
8388607
8388607
-6573567
-8388608
-2405601
8388607
8388607
-6265974
-8388608
-3079547
8155038
8388607
-5301090
-8388608
-3474936
7804033
8388607
-4167770
-8388608
-4067943
7100148
8388607
-2934456
-8388608
-4354310
6838013
8388607
-1912438
-8388608
-4383779
6746952
8388607
-1278712
-8388608
-4920177
6218319
8388607
-258957
-8388608
-5085069
5852348
8388607
426767
-8388608
-5299492
5573576
8388607
1264543
-8388608
-5610740
5107325
8388607
2047886
-8388608
-5760618
4789732
8388607
2814118
-8388608
-6234946
4276370
8388607
3927031
-8388608
-6452004
3625144
8388607
4775733
-8388608
-6709814
3179150
8388607
5643832
-8388608
-6925621
2669060
8388607
6605511
-8388608
-7264730
2099344
8388607
7479876
-8388608
-7391617
1637984
8388607
8238301
-8388608
-7564428
1074153
8388607
8388607
-8388608
-7843778
648064
8388607
8388607
-8388608
-8075756
155868
8388607
8388607
-8388608
-8388608
-640230
8388607
8388607
-8388608
-8388608
-1447974
8388607
8388607
-8084191
-8388608
-1790892
8388607
8388607
-7035658
-8388608
-2729761
7200159
8388607
-6340979
-8388608
-2799286
5727987
8388607
4282350
-6988012
-5935492
3344209
8388607
321179
-8388608
-5800478
7121443
8388607
-4215699
-8388608
-7683802
2703851
8388607
3123192
-8388608
-6919368
6850602
8388607
-8388608
-8388608
-6574483
8388607
8388607
-2494313
-8388608
-6878008
8388607
8388607
-3735832
-8388608
-7316656
8388607
8388607
-2456236
-8388608
-8356426
8388607
8388607
-1573756
-8388608
-8268839
8388607
8388607
-771022
-8388608
-8388608
8388607
8388607
-269149
-8388608
-8133685
8388607
8388607
1279595
-8388608
-8388608
6947869
8388607
2309155
-8388608
-8388608
6266984
8388607
3691707
-8388608
-8388608
5379656
8388607
4912471
-8388608
-8388608
4303889
8388607
6250899
-8388608
-8388608
3012710
8388607
7900315
-8388608
-8388608
1708309
8388607
8388607
-8388608
-8388608
66673
8388607
8388607
-8388608
-8212059
-588788
7273813
8388607
-204918
-3362433
-2008217
450929
8388607
8388607
-28263
-3345867
-8388608
3492384
8388607
8388607
-1099110
-8388608
-8388608
8388607
8388607
-537073
-8388608
-8388608
8388607
8388607
117663
-8388608
-8388608
8388607
8388607
632443
-8388608
-8388608
8388607
8388607
2323863
-8388608
-8388608
8388607
8388607
3441671
-8388608
-8388608
8388607
8388607
4206487
-8388608
-8388608
8388607
8388607
5309587
-8388608
-8388608
7368707
8388607
6559767
-8388608
-8388608
6162651
8388607
7912903
-8388608
-8388608
4809515
8388607
8388607
-8388608
-8388608
3603459
8388607
8388607
-8388608
-8388608
2515067
8388607
8388607
-8388608
-8388608
1382551
8388607
8388607
-8388608
-8388608
258135
8388607
8388607
-8388608
-8388608
-250037
8388607
8388607
-8388608
-8388608
-1338429
8388607
8388607
-8388608
-8388608
-2412113
8388607
8388607
-8388608
-8388608
-3588753
8388607
8388607
-8388608
-8388608
-4897765
8388607
8388607
-8388608
-8388608
-6030281
8388607
8388607
-8133524
-8388608
-7309877
8388607
8388607
-6795096
-8388608
-8388608
8388607
8388607
-5618456
-8388608
-8388608
8388607
8388607
-4456524
-8388608
-8388608
8388607
8388607
-3176928
-8388608
-8388608
8388607
8388607
-2147368
-8388608
-8388608
8388607
8388607
-779777
-8388608
-8388608
8388607
8388607
12583
-8388608
-8388608
8388607
8388607
750107
-8388608
-8388608
8388607
8388607
2162075
-8388608
-8388608
8388607
8388607
3162219
-8388608
-8388608
8388607
8388607
4559479
-8388608
-8388608
8368851
8388607
5589039
-8388608
-8388608
7118671
8388607
6706847
-8388608
-8388608
5912615
8388607
8236479
-8388608
-8388608
4559479
8388607
8388607
-8388608
-8388608
3397547
8388607
8388607
-8388608
-8388608
2367987
8388607
8388607
-8388608
-8388608
1044267
8388607
8388607
-8388608
-8388608
23306
8388607
8388607
-8388608
-8388608
-558905
8388607
8388607
-8388608
-8388608
-1970873
8388607
8388607
-8388608
-8388608
-3000433
8388607
8388607
-8388608
-8388608
-4221197
8388607
8388607
-8388608
-8388608
-5486085
8388607
8388607
-8388608
-8388608
-6662725
8388607
8388607
-7383416
-8388608
-7809949
8388607
8388607
-6339148
-8388608
-8388608
8388607
8388607
-4986012
-8388608
-8388608
8388607
8388607
-3691708
-8388608
-8388608
8388607
8388607
-2441528
-8388608
-8388608
8388607
8388607
-1206056
-8388608
-8388608
8388607
8388607
-163278
-8388608
-8388608
8388607
8388607
294159
-8388608
-8388608
8388607
8388607
1294303
-8388608
-8388608
8388607
8388607
2603315
-8388608
-8388608
8388607
8388607
3985867
-8388608
-8388608
8388607
8388607
5044843
-8388608
-8388608
7604035
8388607
6339147
-8388608
-8388608
6324439
8388607
7559911
-8388608
-8388608
5103675
8388607
8388607
-8388608
-8388608
3794663
8388607
8388607
-8388608
-8388608
2691563
8388607
8388607
-8388608
-8388608
1632587
8388607
8388607
-8388608
-8388608
355376
8388607
8388607
-8388608
-8388608
-102957
8388607
8388607
-8388608
-8388608
-1206057
8388607
8388607
-8388608
-8388608
-2426821
8388607
8388607
-8388608
-8388608
-3677001
8388607
8388607
-8388608
-8388608
-5088969
8388607
8388607
-8388608
-8388608
-6309733
8388607
8388607
-7706992
-8388608
-7501081
8388607
8388607
-6648016
-8388608
-8388608
8388607
8388607
-5500792
-8388608
-8388608
8388607
8388607
-4441816
-8388608
-8388608
8388607
8388607
-3412256
-8388608
-8388608
8388607
8388607
-2073828
-8388608
-8388608
8388607
8388607
-746128
-8388608
-8388608
8388607
8388607
29042
-8388608
-8388608
8388607
8388607
485363
-8388608
-8388608
8388607
8388607
1573755
-8388608
-8388608
8388607
8388607
3103387
-8388608
-8388608
8388607
8388607
4500647
-8388608
-8388608
8104107
8388607
6250899
-8388608
-8388608
6559767
8388607
7868779
-8388608
-8388608
5147799
8388607
8388607
-8388608
-8388608
3794663
8388607
8388607
-8388608
-8388608
2632731
8388607
8388607
-8388608
-8388608
1485507
8388607
8388607
-8388608
-8388608
279962
8388607
8388607
-8388608
-8388608
-205913
8388607
8388607
-8388608
-8388608
-1353137
8388607
8388607
-8388608
-8388608
-2515069
8388607
8388607
-8388608
-8388608
-3765249
8388607
8388607
-8388608
-8388608
-5191925
8388607
8388607
-7192212
-8388608
-6662725
8388607
8388607
-6912760
-8388608
-7604037
8388607
8388607
-5927324
-8388608
-8388608
8388607
8388607
-4838932
-8388608
-8388608
8388607
8388607
-3765248
-8388608
-8388608
8388607
8388607
-2485652
-8388608
-8388608
8388607
8388607
-1103100
-8388608
-8388608
8388607
8388607
-4440832
-8388608
-6668151
8388607
8388607
-3949810
-8388608
-8388608
8388607
8388607
1389876
-8388608
-8388608
8388607
8388607
3015139
-8388608
-8388608
8388607
8388607
3853495
-8388608
-8388608
8388607
8388607
5000719
-8388608
-8388608
8207063
8388607
6147943
-8388608
-8388608
7030423
8388607
7295167
-8388608
-8388608
5868491
8388607
8177647
-8388608
-8388608
4677143
8388607
8388607
-8388608
-8388608
3588751
8388607
8388607
-8388608
-8388608
2323863
8388607
8388607
-8388608
-8388608
1014851
8388607
8388607
-8388608
-8388608
82380
8388607
8388607
-8388608
-8388608
-455949
8388607
8388607
-8388608
-8388608
-1632589
8388607
8388607
-8388608
-8388608
-2765105
8388607
8388607
-8388608
-8388608
-4088825
8388607
8388607
-8388608
-8388608
-5353713
8388607
8388607
-8388608
-8388608
-6471521
8388607
8388607
-7515788
-8388608
-7574621
8388607
8388607
-6574476
-8388608
-8388608
8388607
8388607
-5324296
-8388608
-8388608
8388607
8388607
-3515212
-8388608
-8388608
8388607
8388607
-2265032
-8388608
-8388608
8388607
8388607
-1706128
-8388608
-8388608
8388607
8388607
19877
-8388608
-8388608
8388607
8388607
632443
-8388608
-8388608
8388607
8388607
1926747
-8388608
-8388608
8388607
8388607
3191635
-8388608
-8388608
8388607
8388607
4280027
-8388608
-8388608
8388607
8388607
5662579
-8388608
-8388608
7456955
8388607
6809803
-8388608
-8388608
6206775
8388607
8104107
-8388608
-8388608
5309587
8388607
8388607
-8388608
-8388608
4191779
8388607
8388607
-8388608
-8388608
2868059
8388607
8388607
-8388608
-8388608
1720835
8388607
8388607
-8388608
-8388608
386731
8388607
8388607
-8388608
-8388608
-73541
8388607
8388607
-8388608
-8388608
-1132517
8388607
8388607
-8388608
-8388608
-2265033
8388607
8388607
-8388608
-8388608
-3471089
8388607
8388607
-8388608
-8388608
-4794809
8388607
8388607
-8388608
-8388608
-6133237
8388607
8388607
-8280604
-8388608
-7192213
8388607
8388607
-6530352
-8388608
-8388608
8388607
8388607
-5191924
-8388608
-8388608
8388607
8388607
-3230277
-8388608
-8388608
8388607
8388607
-2500360
-8388608
-8388608
8388607
8388607
-1617880
-8388608
-8388608
8388607
8388607
-285231
-8388608
-8388608
8388607
8388607
176495
-8388608
-8388608
8388607
8388607
1323719
-8388608
-8388608
8388607
8388607
2676855
-8388608
-8388608
8388607
8388607
4559479
-8388608
-8388608
8388607
8388607
5780243
-8388608
-8388608
7559911
8388607
7001007
-8388608
-8388608
6353855
8388607
8177647
-8388608
-8388608
5088967
8388607
8388607
-8388608
-8388608
2826357
6025372
8388607
-8388608
-8388608
-3157468
5185590
8388607
-8388608
-8388608
-3988303
4658349
8388607
-8388608
-8388608
-4482713
4274074
8388607
-8388608
-8388608
-5005567
3814171
8388607
-5880114
-8388608
-6016144
3398422
8388607
-777704
-8388608
-6380549
2874392
8388607
3760502
-4582778
-6979757
2251112
8388607
6721145
-727420
-7449782
1988184
8388607
8388607
3416338
-7812219
1837988
8388607
8388607
6443097
-6696361
1612075
8388607
8388607
8388607
-5054276
1448614
8388607
8388607
8388607
-3364697
1281356
8388607
8388607
8388607
-2091696
1102939
8388607
8388607
8388607
-823396
953525
8388607
8388607
8388607
-376256
665637
8388607
8388607
8388607
134072
582257
8388607
8388607
8388607
462809
360338
8388607
8388607
8388607
303566
321671
8045275
8388607
8388607
461870
444625
7251043
8388607
8388607
1156382
620614
6530351
8388607
8388607
1906280
667478
5780243
8388607
8388607
2926306
543079
5091400
8388607
8388607
3834454
182446
4555659
8388607
8388607
4800118
-252439
3998856
8388607
8388607
5777656
-1177941
3186951
8388607
8388607
6673559
-1905266
2464510
8388607
8388607
7395160
-3236480
1679003
8388607
8388607
7376898
-4382385
930563
8388607
8388607
7112515
-5216787
173564
8388607
8388607
5303748
-6014820
-696001
8388607
8388607
3986534
-6763724
-1512002
8388607
8388607
3222626
-7543842
-1874964
8388607
8388607
2327219
-8093711
-2079368
8388607
8388607
1868271
-8388608
-2134105
8388607
8388607
1046854
-8388608
-2247933
8388607
8388607
49146
-8388608
-2256839
8388607
8388607
-759346
-8388608
-2320673
8388607
8388607
-1948415
-8388608
-2227025
8388607
8388607
-1885803
-8388608
-2216964
8388607
8388607
-2700100
-8383560
-2348873
8388607
8388607
-3315037
-8354144
-2332739
8251187
8388607
-3507540
-8176853
-2324762
7442247
8388607
-4028204
-8344585
-2484299
6677431
8388607
-4635187
-8388608
-2794412
5956739
8388607
-6566790
-8388608
-3412293
5194205
8388607
-8388608
-8388608
-3838494
4437172
8388607
-8388608
-8388608
-4273901
3931868
8388607
-8388608
-8388608
-4862947
3425312
8388607
-8388608
-8388608
-5333109
2684078
8388607
-1613510
-6794185
-6281432
1759089
8388607
7986136
3517684
-5575447
911754
8388607
8388607
6370053
-5298079
28596
8388607
8388607
6395770
-3193854
-864333
8388607
8388607
6364202
-493581
-1741917
8388607
8388607
6364469
-1429693
-2609274
8388607
8388607
6341255
-1977370
-3282447
8388607
8388607
6322432
-2924217
-3574103
8388607
8388607
6066856
-3082734
-3687159
8388607
8388607
4211689
-4418176
-3770830
8388607
8388607
2722874
-5022751
-3890810
8388607
8388607
2791960
-5240060
-3973349
8388607
8388607
2271347
-5127848
-4047763
8388607
8388607
1927372
-5367833
-4107461
8388607
8388607
2142025
-4968151
-4061300
8388607
8388607
2366162
-4660895
-4189532
7751115
8388607
2165442
-4681416
-4157118
6769554
8388607
2229869
-4710393
-4090194
5875190
8388607
2302907
-4428141
-3872464
4931650
8388607
2512078
-3988173
-3638250
3987957
8388607
2484184
-3511128
-3655484
3035553
8388607
2502536
-3183013
-3607039
2087273
8388607
2714625
-2645813
-3770220
1420609
8388607
2663954
-2467052
-4069129
622202
8388607
2401883
-2642877
-4449764
-466789
8388607
2115354
-2944739
-5033842
-1280228
8388607
1939383
-3455557
-5840260
-2137491
8388607
1960735
-4172804
-6206215
-2703387
8388607
2473741
-4283136
-6316548
-3405879
8388607
2367678
-5185458
-6845549
-4072363
8388607
2595315
-6080272
-7276530
-4600264
8388607
5537740
-2926954
-5985604
-5039628
8388607
8388607
4971272
8388607
-5718289
-8388608
8388607
7308976
7030423
-8388608
-8388608
6015571
8388607
8368851
-8388608
-8388608
4471231
8388607
8388607
-8388608
-8388608
3103387
8388607
8388607
-8388608
-8388608
-968124
8388607
8388607
-8388608
-8388608
311219
6144060
-1482933
-2535751
-8322970
8137685
-6735451
-1187933
646017
-5738390
-4614616
-2362273
1305602
-8123952
-8388608
-5654593
398578
8388607
-8388608
-8388608
-8388608
1067297
8388607
-8388608
-6686829
-3271640
-7022885
-8388608
448368
1928290
-5234171
-6784245
3464143
8388607
-8388608
-8388608
5907882
8388607
-8388608
-8388608
-8388608
-8388608
435787
8388607
-8388608
-8388608
-411216
8388607
3515211
-8388608
-8388608
3233390
8388607
-6260266
-8388608
-8388608
5727622
8388607
-3154838
-8388608
-8388608
4069138
8388607
-257645
-8388608
-8388608
4446335
8388607
181843
-8388608
-8388608
5304772
8388607
1025922
-8388608
-8388608
3944748
8388607
1186805
-8388608
-8388608
3263544
8388607
3721123
-8388608
-8388608
4855161
8388607
4500647
-8388608
-8388608
5585890
8388607
-1490567
-8388608
-8388608
-108781
8388607
6868635
-8388608
-8388608
-333708
8388607
5618597
-8388608
-8388608
-1222989
8388607
7449630
-8388608
-8388608
-853006
8388607
8388607
-8388608
-8388608
-1689680
8388607
8388607
-8388608
-8388608
-4595894
8388607
8388607
-8388608
-8388608
-4845821
8388607
8388607
-8388608
-8388608
-5097540
8388607
8388607
-8388608
-8388608
-5529322
8388607
8388607
-8388608
-8388608
-6490567
8388607
8388607
-8388608
-8388608
-6894582
8383559
8388607
-8388608
-8388608
-7257670
8273970
8388607
-7912904
-8388608
-7736967
7882475
8388607
-6809804
-8388608
-8388608
7534275
8388607
-5721412
-8388608
-8388608
7258425
8388607
-4544772
-8388608
-8388608
6968136
8388607
-3324008
-8388608
-8388608
6521712
8388607
-2149188
-8388608
-8388608
6087680
8388607
-1045757
-8388608
-8388608
5503864
8388607
-91483
-8388608
-8388608
4820343
8388607
938031
-8388608
-8388608
4127311
8388607
2197409
-8388608
-8388608
3336151
8388607
3414654
-8388608
-8388608
2631303
8388607
4633019
-8388608
-8388608
1854514
8388607
5868491
-8388608
-8388608
1180205
8388607
7103963
-8388608
-8388608
365783
8388607
8388607
-8388608
-8388608
-350185
8388607
8388607
-8388608
-8388608
-1100593
8388607
8388607
-8388608
-8388608
-1715993
8388607
8388607
-8388608
-8388608
-2342859
8388607
8388607
-8388608
-8388608
-2955495
8388607
8388607
-8388608
-8388608
-3637268
8388607
8388607
-8388608
-8388608
-4302123
8388607
8388607
-8388608
-8388608
-5033227
8388607
8388607
-8388608
-8388608
-5746703
8388607
8388607
-8388608
-8388608
-6441784
8388607
8388607
-7898196
-8388608
-7087467
8388607
8388607
-6750972
-8388608
-7591651
8267618
8388607
-5559624
-8388608
-8095770
7995556
8388607
-4280028
-8388608
-8388608
7642515
8388607
-3015140
-8388608
-8388608
7282126
8388607
-1685914
-8388608
-8388608
6810822
8388607
-738729
-8388608
-8388608
6430909
8388607
159669
-8388608
-8388608
5942363
8388607
1139409
-8388608
-8388608
5253372
8388607
2337972
-8388608
-8388608
4545857
8388607
3515211
-8388608
-8388608
3710416
8388607
4735975
-8388608
-8388608
2851434
8388607
6059695
-8388608
-8388608
2053223
8388607
7368707
-8388608
-8388608
1258914
8388607
8388607
-8388608
-8388608
518204
8388607
8388607
-8388608
-8388608
-214334
8388607
8388607
-8388608
-8388608
-829557
8388607
8388607
-8388608
-8388608
-1446415
8388607
8388607
-8388608
-8388608
-2114769
8388607
8388607
-8388608
-8388608
-2744959
8388607
8388607
-8388608
-8388608
-3516157
8388607
8388607
-8388608
-8388608
-4262260
8388607
8388607
-8388608
-8388608
-4922811
8388607
8388607
-8388608
-8388608
-5607258
8388607
8388607
-8015860
-8388608
-6266864
8388607
8388607
-6795096
-8388608
-6892606
8388607
8388607
-5574332
-8388608
-7450665
8374324
8388607
-4294736
-8388608
-7907077
8099192
8388607
-3176928
-8388608
-8233797
7761485
8388607
-1862445
-8388608
-8388608
7374663
8388607
-841245
-8388608
-8388608
6983559
8388607
67490
-8388608
-8388608
6526750
8388607
1032337
-8388608
-8388608
5967601
8388607
2191491
-8388608
-8388608
5276876
8388607
3397547
-8388608
-8388608
4473766
8388607
4588895
-8388608
-8388608
3656224
8388607
5883199
-8388608
-8388608
2803561
8388607
7103963
-8388608
-8388608
2040696
8388607
8360133
-8388608
-8388608
1289593
8388607
8388607
-8388608
-8388608
577368
8388607
8388607
-8388608
-8388608
-139211
8388607
8388607
-8388608
-8388608
-789633
8388607
8388607
-8388608
-8388608
-1406692
8388607
8388607
-8388608
-8388608
-2033104
8388607
8388607
-8388608
-8388608
-2742833
8388607
8388607
-8388608
-8388608
-3543339
8388607
8388607
-8388608
-8388608
-4211614
8388607
8388607
-8388608
-8388608
-4919299
8388607
8388607
-8251188
-8388608
-5608947
8388607
8388607
-7118672
-8388608
-6304880
8388607
8388607
-5883200
-8388608
-6892233
8388607
8388607
-4574188
-8388608
-7433710
8363384
8388607
-3294592
-8388608
-7832444
8064534
8388607
-2064708
-8388608
-8178156
7707249
8388607
-979744
-8388608
-8388608
7310623
8388607
-100437
-8388608
-8388608
6899010
8388607
854698
-8388608
-8388608
6384436
8388607
1956163
-8388608
-8388608
5824773
8388607
3059263
-8388608
-8388608
5124879
8388607
4294735
-8388608
-8388608
4238914
8388607
5544915
-8388608
-8388608
3433060
8388607
6868635
-8388608
-8388608
2624973
8388607
8128266
-8388608
-8388608
1800195
8388607
8388607
-8388608
-8388608
994427
8388607
8388607
-8388608
-8388608
310062
8388607
8388607
-8388608
-8388608
-358285
8388607
8388607
-8388608
-8388608
-1001648
8388607
8388607
-8388608
-8388608
-1641001
8388607
8388607
-8388608
-8388608
-2334462
8388607
8388607
-8388608
-8388608
-3082891
8388607
8388607
-8388608
-8388608
-3830629
8388607
8388607
-8388608
-8388608
-4540734
8388607
8388607
-8388608
-8388608
-5182837
8388607
8388607
-7309876
-8388608
-5931306
8388607
8388607
-6030280
-8388608
-6550388
8388607
8388607
-4794808
-8388608
-7134623
8388607
8388607
-3515212
-8388608
-7610005
8212964
8388607
-2247927
-8388608
-7994944
7914261
8388607
-1119706
-8388608
-8293861
7513676
8388607
-172378
-8388608
-8388608
7144306
8388607
673841
-8388608
-8388608
6631935
8388607
1779667
-8388608
-8388608
6068988
8388607
2794519
-8388608
-8388608
5461093
8388607
4059407
-8388608
-8388608
4603758
8388607
5368419
-8388608
-8388608
3765462
8388607
6618599
-8388608
-8388608
2959136
8388607
7845288
-8388608
-8388608
2140480
8388607
8388607
-8388608
-8388608
1333792
8388607
8388607
-8388608
-8388608
619372
8388607
8388607
-8388608
-8388608
-27443
8388607
8388607
-8388608
-8388608
-681678
8388607
8388607
-8388608
-8388608
-1335223
8388607
8388607
-8388608
-8388608
-2049430
8388607
8388607
-8388608
-8388608
-2808929
8388607
8388607
-8388608
-8388608
-3540222
8388607
8388607
-8388608
-8388608
-4287266
8388607
8388607
-8388608
-8388608
-4965682
8388607
8388607
-7412832
-8388608
-5712344
8388607
8388607
-6206776
-8388608
-6345596
8388607
8388607
-4927180
-8388608
-6966308
8388607
8388607
-3647584
-8388608
-7470266
8242581
8388607
-2515068
-8388608
-7846649
8014108
8388607
-1262272
-8388608
-8194842
7670435
8388607
-358818
-8388608
-8388608
7302386
8388607
526927
-8388608
-8388608
6857024
8388607
1441383
-8388608
-8388608
6322619
8388607
2618023
-8388608
-8388608
5631230
8388607
3956451
-8388608
-8388608
4841376
8388607
5221339
-8388608
-8388608
4016066
8388607
6500935
-8388608
-8388608
3132743
8388607
7726178
-8388608
-8388608
2339013
8388607
8388607
-8388608
-8388608
1554395
8388607
8388607
-8388608
-8388608
802372
8388607
8388607
-8388608
-8388608
139110
8388607
8388607
-8388608
-8388608
-504164
8388607
8388607
-8388608
-8388608
-1111813
8388607
8388607
-8388608
-8388608
-1811824
8388607
8388607
-8388608
-8388608
-2615273
8388607
8388607
-8388608
-8388608
-3331886
8388607
8388607
-8388608
-8388608
-4133422
8388607
8388607
-8388608
-8388608
-4865208
8388607
8388607
-7589328
-8388608
-5521413
8388607
8388607
-6265608
-8388608
-6300787
8388607
8388607
-5030136
-8388608
-6885893
8388607
8388607
-3706416
-8388608
-7391158
8301109
8388607
-2538226
-8388608
-7838306
7963434
8388607
-1320231
-8388608
-8180999
7658167
8388607
-326475
-8388608
-8388608
7273609
8388607
585739
-8388608
-8388608
6821071
8388607
1632587
-8388608
-8388608
6318526
8388607
2779811
-8388608
-8388608
5620394
8388607
4029991
-8388608
-8388608
4775948
8388607
5339003
-8388608
-8388608
3924910
8388607
6589183
-8388608
-8388608
3115689
8388607
7839363
-8388608
-8388608
2266424
8388607
8388607
-8388608
-8388608
1467033
8388607
8388607
-8388608
-8388608
788000
8388607
8388607
-8388608
-8388608
94495
8388607
8388607
-8388608
-8388608
-520257
8388607
8388607
-8388608
-8388608
-1122445
8388607
8388607
-8388608
-8388608
-1865161
8388607
8388607
-8388608
-8388608
-2602213
8388607
8388607
-8388608
-8388608
-3429286
8388607
8388607
-8388608
-8388608
-4149221
8388607
8388607
-8388608
-8388608
-4932615
8388607
8388607
-7530496
-8388608
-5661042
8388607
8388607
-6295024
-8388608
-6301374
8388607
8388607
-4941888
-8388608
-6965348
8388607
8388607
-3647584
-8388608
-7479860
8249549
8388607
-2439899
-8388608
-7887354
7983350
8388607
-1263442
-8388608
-8203581
7595682
8388607
-293780
-8388608
-8388608
7239914
8388607
601645
-8388608
-8388608
6806586
8388607
1647295
-8388608
-8388608
6211892
8388607
2882767
-8388608
-8388608
5551389
8388607
4044699
-8388608
-8388608
4749817
8388607
5294879
-8388608
-8388608
3931243
8388607
6545059
-8388608
-8388608
3111962
8388607
7818094
-8388608
-8388608
2281252
8388607
8388607
-8388608
-8388608
1492318
8388607
8388607
-8388608
-8388608
807224
8388607
8388607
-8388608
-8388608
104659
8388607
8388607
-8388608
-8388608
-569195
8388607
8388607
-8388608
-8388608
-1155968
8388607
8388607
-8388608
-8388608
-1841332
8388607
8388607
-8388608
-8388608
-2626651
8388607
8388607
-8388608
-8388608
-3446985
8388607
8388607
-8388608
-8388608
-4162709
8388607
8388607
-8388608
-8388608
-4925028
8388607
8388607
-7501080
-8388608
-5640971
8388607
8388607
-6250900
-8388608
-6316370
8388607
8388607
-5000720
-8388608
-6960331
8388607
8388607
-3677000
-8388608
-7440962
8263529
8388607
-2474642
-8388608
-7840318
8005555
8388607
-1304094
-8388608
-8154937
7652603
8388607
-347473
-8388608
-8388608
7266816
8388607
581133
-8388608
-8388608
6913647
8388607
1559047
-8388608
-8388608
6339496
8388607
2735687
-8388608
-8388608
5666891
8388607
3912327
-8388608
-8388608
4879763
8388607
5206631
-8388608
-8388608
4082955
8388607
6486227
-8388608
-8388608
3255398
8388607
7708737
-8388608
-8388608
2405714
8388607
8388607
-8388608
-8388608
1614488
8388607
8388607
-8388608
-8388608
914719
8388607
8388607
-8388608
-8388608
233788
8388607
8388607
-8388608
-8388608
-395929
8388607
8388607
-8388608
-8388608
-1022766
8388607
8388607
-8388608
-8388608
-1723320
8388607
8388607
-8388608
-8388608
-2457834
8388607
8388607
-8388608
-8388608
-3239102
8388607
8388607
-8388608
-8388608
-3962916
8388607
8388607
-8388608
-8388608
-4659792
8388607
8388607
-7677576
-8388608
-5424517
8388607
8388607
-6383272
-8388608
-6108023
8388607
8388607
-5133092
-8388608
-6711706
8388607
8388607
-3971160
-8388608
-7296979
8350892
8388607
-2706272
-8388608
-7726613
8085723
8388607
-1467800
-8388608
-8056759
7748238
8388607
-472050
-8388608
-8379790
7381590
8388607
357742
-8388608
-8388608
6973859
8388607
1397259
-8388608
-8388608
6476631
8388607
2544483
-8388608
-8388608
5841671
8388607
3809371
-8388608
-8388608
5050286
8388607
4986011
-8388608
-8388608
4250879
8388607
6221483
-8388608
-8388608
3404720
8388607
7398123
-8388608
-8388608
2565093
8388607
8388607
-8388608
-8388608
1817778
8388607
8388607
-8388608
-8388608
1052604
8388607
8388607
-8388608
-8388608
350168
8388607
8388607
-8388608
-8388608
-241684
8388607
8388607
-8388608
-8388608
-870432
8388607
8388607
-8388608
-8388608
-1501324
8388607
8388607
-8388608
-8388608
-2263759
8388607
8388607
-8388608
-8388608
-3019686
8388607
8388607
-8388608
-8388608
-3797126
8388607
8388607
-8388608
-8388608
-4534455
8388607
8388607
-8001152
-8388608
-5297164
8388607
8388607
-6721556
-8388608
-6008175
8388607
8388607
-5500792
-8388608
-6744171
8388607
8388607
-4250612
-8388608
-7281258
8369337
8388607
-2941600
-8388608
-7718619
8064512
8388607
-1729800
-8388608
-8063490
7786887
8388607
-667176
-8388608
-8388608
7396878
8388607
223059
-8388608
-8388608
7044774
8388607
1160110
-8388608
-8388608
6510654
8388607
2294447
-8388608
-8388608
5907071
8388607
3588751
-8388608
-8388608
5185764
8388607
4853639
-8388608
-8388608
4323659
8388607
5942031
-8388608
-8388608
3525613
8388607
7148087
-8388608
-8388608
2699655
8388607
8368398
-8388608
-8388608
1895883
8388607
8388607
-8388608
-8388608
1163495
8388607
8388607
-8388608
-8388608
380226
8388607
8388607
-8388608
-8388608
-219716
8388607
8388607
-8388608
-8388608
-786762
8388607
8388607
-8388608
-8388608
-1434528
8388607
8388607
-8388608
-8388608
-2183457
8388607
8388607
-8388608
-8388608
-2937014
8388607
8388607
-8388608
-8388608
-3689470
8388607
8388607
-8388608
-8388608
-4433064
8388607
8388607
-8310020
-8388608
-5195321
8388607
8388607
-7059840
-8388608
-5960059
8388607
8388607
-5883200
-8388608
-6597115
8388607
8388607
-4574188
-8388608
-7163776
8388607
8388607
-3382840
-8388608
-7636094
8119158
8388607
-2081618
-8388608
-8001461
7848024
8388607
-1065402
-8388608
-8317394
7524436
8388607
-157377
-8388608
-8388608
7168673
8388607
744030
-8388608
-8388608
6723660
8388607
1809083
-8388608
-8388608
6097336
8388607
2912183
-8388608
-8388608
5458268
8388607
4235903
-8388608
-8388608
4645484
8388607
5500791
-8388608
-8388608
3823420
8388607
6706847
-8388608
-8388608
2956842
8388607
7960398
-8388608
-8388608
2133210
8388607
8388607
-8388608
-8388608
1373045
8388607
8388607
-8388608
-8388608
631823
8388607
8388607
-8388608
-8388608
1019
8388607
8388607
-8388608
-8388608
-663068
8388607
8388607
-8388608
-8388608
-1268177
8388607
8388607
-8388608
-8388608
-2009709
8388607
8388607
-8388608
-8388608
-2710498
8388607
8388607
-8388608
-8388608
-3481872
8388607
8388607
-8388608
-8388608
-4227881
8388607
8388607
-8388608
-8388608
-4930988
8388607
8388607
-7559912
-8388608
-5642403
8388607
8388607
-6339148
-8388608
-6310920
