1559693
1559693
900782
1013519
379585
-375165
-1148189
801422
1022243
494489
-342889
-1204414
734473
1056093
562804
-361592
-1311189
615955
1108097
652610
-367880
-1372137
538892
1092166
713193
-445172
-1451098
440075
1132283
758515
-472437
-1549888
304944
1101561
815003
-493106
-1553128
227016
1142965
875934
-523218
-1558167
115818
1169038
926171
-523731
-1549493
14995
1171162
960798
-508537
-1482250
-69820
1176797
989047
-497697
-1464185
-171175
1180119
999240
-464455
-1375685
-261994
1181831
982931
-435459
-1319201
-353337
1195685
1002631
-382195
-1248330
-431646
1201468
1006434
-319752
-1194531
-467709
1207462
1002965
-281557
-1137971
-576113
1183031
1020673
-214940
-1047703
-612126
1164449
1025877
-169009
-999412
-634949
1167398
1066989
-92771
-885136
-724164
1104262
1060533
-2961
-711640
-764653
1123389
1090248
72626
-603915
-841451
1075910
1104902
183440
-453532
-911783
1057132
1069723
244669
-387207
-982987
1032040
1069672
389572
-314241
-1050872
912813
1043357
428686
-247509
-1097141
873683
1106862
544854
-347271
-1253721
747936
1102079
684881
-282659
-1247931
647339
1094734
653838
-416862
-1413982
563484
1191350
822053
-349134
-1456545
428798
1100101
742888
-499379
-1513027
353814
1235720
919095
-452624
-1556719
218360
1157055
882485
-474208
-1494989
191708
1230538
963478
-509843
-1550139
42421
1211613
1019484
-437473
-1427923
-72191
1198368
984014
-499636
-1426278
-133995
1263931
1077496
-368144
-1342099
-286545
1180855
976767
-427526
-1284713
-336467
1277971
1061936
-316971
-1220680
-423544
1206225
1020551
-276224
-1172529
-435177
1262032
1044367
-250163
-1119005
-575883
1201635
1058775
-157551
-998041
-592009
1216638
1073810
-124071
-909307
-650248
1194589
1077139
-52147
-840147
-732337
1106514
1069001
9535
-692181
-745144
1147710
1153195
133658
-555578
-845491
1074312
1096219
185603
-423715
-873638
1100554
1110996
294753
-348137
-962149
1038058
1105362
431106
-260709
-999135
954953
1083023
473739
-293438
-1115955
828301
1075199
568946
-272644
-1188458
754673
1128240
651796
-286126
-1274594
678265
1142655
737295
-334827
-1346183
557326
1174704
817379
-336633
-1378941
495155
1204829
852319
-417388
-1476706
369198
1229190
918101
-433588
-1514810
228255
1190154
928072
-467392
-1486371
148512
1232166
1003306
-480465
-1500216
28036
1196354
982400
-463692
-1421736
-46427
1247417
1069761
-427192
-1365669
-144464
1248591
1067456
-378498
-1296141
-232058
1247327
1048435
-356477
-1244347
-332443
1259717
1037893
-317378
-1210887
-411261
1229591
1018269
-277893
-1132178
-462728
1247284
1039567
-221358
-1083118
-534291
1226531
1070970
-153489
-976636
-565439
1216391
1076106
-98209
-945836
-609450
1201234
1100457
-17415
-797956
-688103
1143821
1075724
5123
-698619
-764170
1140201
1128831
136722
-521820
-799017
1099408
1101786
210633
-406245
-858495
1102420
1141976
299387
-314772
-920539
1053195
1138899
424143
-246818
-965851
972889
1106981
497116
-242501
-1048351
885865
1128689
593372
-251520
-1165356
785576
1134794
657216
-276334
-1225967
704152
1157489
724023
-302096
-1322963
589453
1185006
818924
-333690
-1396192
509045
1190954
845135
-395079
-1441323
386889
1233732
927209
-408475
-1464148
288244
1223413
944911
-424835
-1465432
204947
1249914
986337
-452425
-1467992
102868
1256031
1038029
-420404
-1403662
-14516
1250360
1044715
-427366
-1340741
-69090
1274000
1073761
-381092
-1305447
-224146
1242795
1040404
-355468
-1224129
-295882
1254981
1031302
-317192
-1217575
-366699
1241567
1055877
-246899
-1128949
-412401
1245280
1030482
-224602
-1091755
-497820
1253811
1086085
-131821
-977576
-536056
1238404
1088901
-70907
-890562
-552158
1233300
1111176
-28575
-828894
-639072
1175845
1116209
53306
-645257
-682192
1176713
1117323
102765
-536617
-752378
1142082
1143758
232314
-397601
-830379
1081240
1102718
295879
-320335
-885453
1083876
1140645
432053
-255725
-961253
980210
1114212
517945
-227329
-1020245
898753
1123296
570066
-246841
-1134364
809120
1162139
691274
-224709
-1170004
707517
1167974
755675
-286223
-1306383
614798
1212570
838666
-313958
-1373792
520218
1183172
856849
-387439
-1445772
437681
1252258
946014
-397599
-1457263
284017
1211605
962607
-441575
-1457814
230854
1253842
990813
-448926
-1475400
104154
1276105
1056757
-402255
-1415080
24458
1252373
1028706
-434040
-1369733
-65677
1285274
1093567
-368613
-1288702
-173213
1279461
1055233
-351075
-1223779
-255378
1290705
1074416
-308234
-1198361
-368063
1252781
1060624
-246352
-1120107
-402382
1283687
1051141
-222801
-1124250
-482798
1260595
1092140
-115045
-971642
-536051
1220182
1067585
-123604
-939651
-586403
1228601
1129155
-5087
-833576
-651984
1173714
1123681
25015
-687210
-680203
1174091
1142480
122664
-552598
-741069
1158879
1157629
237840
-402763
-800354
1120996
1132431
273181
-334152
-873006
1094509
1153432
425027
-200131
-930453
1026213
1116154
485135
-215959
-1028546
929285
1129648
592083
-227949
-1110562
819175
1131869
666984
-244412
-1165573
752655
1196643
762049
-274019
-1268980
611287
1207745
823821
-312077
-1347977
521124
1209459
856093
-380638
-1437952
425930
1223678
923134
-375741
-1439391
324534
1256720
965086
-401239
-1444154
238945
1260468
1015313
-416647
-1433489
117970
1248869
1021049
-415541
-1396801
57545
1285640
1065627
-407315
-1362558
-65384
1264291
1050571
-385670
-1302925
-167351
1260954
1031843
-351423
-1239411
-265136
1262703
1077325
-264984
-1193594
-322864
1247207
1082370
-289375
-1133165
-444862
1264368
1055637
-190513
-1081458
-462233
1282049
1111597
-116227
-981750
-510295
1223438
1115828
-100571
-890710
-576420
1223225
1121194
-28808
-799095
-622755
1225286
1150551
63265
-658275
-704266
1161725
1144598
126723
-566738
-748526
1166234
1152389
205862
-447289
-817884
1120132
1133607
294735
-335287
-885677
1087306
1139504
397367
-241079
-931235
1040145
1155395
541420
-204260
-1023368
944687
1149224
604575
-216605
-1079659
883164
1187716
703948
-208362
-1172391
762349
1184783
760791
-255725
-1244804
657593
1201294
787209
-326358
-1388310
509541
1195491
886877
-312317
-1377412
477240
1212881
918067
-394718
-1420438
345175
1264990
986470
-421374
-1437353
240883
1250827
1006238
-374518
-1403008
174454
1272757
1034869
-438109
-1386287
44487
1167680
980347
-370134
-1239088
-23810
1162262
987743
-338283
-1141245
-144985
1176622
990278
-246598
-1060021
-198411
1167011
980177
-224305
-984839
-264138
1178044
973099
-164257
-934348
-363971
1145868
971305
-127756
-880481
-446402
1114062
947239
-120442
-863778
-502035
1087205
970844
-47283
-751785
-546097
1052106
952501
-25675
-701089
-546038
1078953
1014734
94986
-558838
-589742
1048985
1001533
142187
-425299
-621561
1036340
1009616
221353
-317155
-707731
993257
975848
270002
-240389
-755123
961682
977601
357374
-179063
-799320
892844
966618
440330
-146470
-856478
813297
959491
540288
-109521
-872838
761581
984250
602016
-152905
-971480
674630
1007481
680306
-138788
-1012721
584428
1008380
712799
-205542
-1138663
493809
1018177
760369
-250711
-1168255
411276
1045595
809563
-262960
-1179790
329032
1080035
855595
-273585
-1203113
238575
1092780
897009
-287514
-1149012
173227
1096505
928292
-277659
-1120991
90325
1098443
942130
-278824
-1093387
-6623
1076432
925204
-271946
-1008373
-105599
1082440
932430
-231165
-960243
-192197
1076132
920213
-181799
-900093
-255725
1094169
923083
-175926
-878487
-327576
1093799
917708
-118118
-845356
-403914
1054887
913843
-50562
-766869
-437034
1062759
938977
-27443
-732080
-484619
1054392
948313
25063
-640805
-521247
1024309
966057
92846
-542588
-567924
1010486
963670
121499
-431238
-632049
971978
944284
191668
-327908
-672027
955085
958353
283126
-224380
-717695
923986
952949
350345
-154015
-743824
907302
957581
438975
-108326
-798203
837029
947169
525159
-78102
-832548
771851
950563
587791
-104421
-941735
666167
984474
651501
-134363
-998177
580664
981073
671338
-181550
-1079900
513106
1023258
768177
-202797
-1137739
419949
1028229
787702
-228382
-1142811
338391
1068749
838459
-275312
-1171401
239818
1066186
887292
-262848
-1120442
190494
1065175
880064
-302981
-1126314
83193
1080927
923931
-275363
-1067087
-16156
1030462
897889
-259842
-998484
-71646
1096942
944105
-200439
-945991
-167022
1083287
928936
-183030
-868978
-204952
1098305
911199
-161447
-882902
-336707
1064752
914403
-92610
-816674
-366925
1061660
871775
-103180
-814163
-458770
1045348
942303
-33336
-711337
-497272
1013465
906156
12750
-641665
-484900
1043816
983211
90106
-534545
-585967
986752
955560
132727
-408181
-601262
992815
970245
182777
-355560
-674177
957281
966183
302254
-223758
-720993
911836
928530
313932
-162400
-749030
893876
958728
442109
-106674
-785809
817864
915931
501880
-77303
-831661
773942
966354
591242
-102260
-941699
648584
964477
657906
-116578
-959510
600791
995109
691686
-189680
-1087230
487887
1027219
776117
-173803
-1119857
422085
1014588
782361
-254410
-1146357
355364
1052280
833489
-256630
-1181468
250931
1049467
865299
-261950
-1129023
211479
1072625
890301
-280260
-1118972
73137
1055491
912531
-276873
-1069527
6594
1057224
914936
-254687
-1002788
-85374
1068585
930278
-210134
-930108
-143124
1055756
899556
-201687
-890365
-215875
1081972
916892
-144560
-845616
-315356
1068072
897101
-109927
-797702
-360129
1055696
924234
-61836
-768373
-438914
1058600
919345
-16406
-695353
-468350
1042936
926813
-2666
-637309
-507015
1013406
955314
79615
-526124
-566571
983202
937524
96158
-452925
-618724
986145
957551
189598
-330081
-666299
912247
923405
269470
-202820
-673202
960785
964459
357010
-157962
-753338
882174
945027
449560
-89785
-778963
826902
932001
505671
-90663
-833927
765386
957511
597920
-100026
-928358
664394
961603
619587
-135025
-966414
591040
996542
693007
-169939
-1070547
486567
1006463
748301
-152964
-1096750
453186
1024468
773727
-246821
-1159140
331199
1047998
860195
-216989
-1131953
259907
1036259
831814
-294729
-1150474
205219
1086361
887435
-275317
-1139941
68219
1028033
892913
-245233
-1040217
38186
1063242
909277
-277937
-1003915
-80909
1082663
936775
-189411
-913639
-138831
1077295
897688
-209572
-879810
-211955
1081891
914391
-138853
-845028
-321439
1041429
863771
-125093
-809936
-334002
1080700
914994
-93204
-801709
-470620
1029294
915251
2504
-680001
-457445
1036985
910840
-4303
-657365
-486894
1047209
983361
103926
-535967
-565472
966987
923423
111577
-410027
-574009
1003760
963317
190902
-334553
-692728
925176
940546
288317
-193223
-653196
931862
949803
299581
-183924
-781485
899226
962302
468040
-76841
-768084
831407
896757
484516
-88575
-827143
787541
980153
586144
-87378
-945261
638842
933755
626068
-125849
-964692
640838
1009952
691502
-165943
-1065352
503089
1015165
765878
-156272
-1074160
431990
1000845
761811
-243462
-1142738
370901
1087119
878218
-224265
-1159858
250358
1030625
843664
-263861
-1119264
232143
1104285
906826
-285480
-1123513
77657
1049953
917239
-241940
-1025061
60014
1081185
914519
-260443
-1011550
-56363
1081054
950994
-190552
-922611
-136286
1086618
886344
-192002
-872036
-205082
1110362
933355
-125502
-842573
-307570
1091379
922034
-86104
-797191
-333153
1095513
911638
-77988
-778371
-431900
1078459
966323
2343
-677270
-446903
1084890
953835
21648
-652877
-490085
1081678
990748
97806
-563845
-562327
1037780
977650
131314
-441552
-610180
1037684
1007734
223644
-328460
-655315
1027313
1025661
303491
-217783
-699510
1018588
1040466
410416
-103997
-743140
1084920
1272844
617981
-122796
-934102
825369
949510
594900
-201697
-500717
885422
1062168
684064
-107748
-1210933
492054
909466
490559
-167270
-805499
917167
1259475
719887
-240564
-1496531
535755
902525
187425
-292553
-858903
827818
1686190
1302772
-240824
-1502886
134204
1251793
341498
-1223807
-1509129
1416240
1118670
234199
596266
-671391
5874
1214597
970488
-763348
-1995035
149543
1411374
972371
-188290
-622075
19849
824879
879090
-325915
-1071549
25702
1147660
884547
-310501
-1002139
-48711
1293168
934616
-276119
-996266
-345048
794004
812097
118123
-980957
-279090
1461688
957888
-198582
-895374
-535921
751297
839072
229763
-804241
-442210
1454031
1026909
-315901
-900704
-332685
990248
815697
33593
-481181
-485142
1107831
1038690
81511
-672896
-630236
1016531
920390
70069
-535288
-572664
1015785
995027
209709
-408788
-648567
1061464
1030173
269517
-330281
-740830
928241
954339
433743
-130684
-740914
1004608
939030
347044
-177753
-793096
891203
1003974
582779
-75856
-887869
804440
964922
522436
-166825
-998095
724060
1019406
670561
-117399
-1071803
627776
1012258
712551
-103831
-1092498
571915
1067918
768709
-279049
-1240409
450283
1095644
861546
-156657
-1194634
323268
1029741
818440
-321463
-1241142
295309
1125867
919294
-266917
-1234380
186881
1074333
841417
-360213
-1180367
122270
1101937
950658
-300250
-1146536
36666
1086000
935762
-288122
-1093469
-61075
1109520
919982
-276352
-1026665
-130512
1082330
925736
-193724
-967040
-236509
1088206
887858
-195190
-928967
-278596
1092433
897587
-148804
-907648
-403692
1077538
919491
-70583
-818970
-430340
1068567
897108
-29931
-772701
-480487
1083078
941358
6504
-722350
-520563
1023798
940080
75833
-598414
-534417
983683
913346
84188
-544646
-602100
1000452
978507
170184
-379088
-647488
945183
913136
227144
-273621
-691124
958713
965733
325053
-183237
-734428
925875
936788
405699
-93374
-764284
871033
954338
487215
-62912
-835541
791835
941142
542364
-71285
-893275
711487
940537
613041
-91326
-972673
639122
997100
691283
-114447
-1041201
540547
986197
731629
-155102
-1077692
497760
1026075
782565
-187415
-1154083
369113
1037866
803622
-199906
-1146508
316794
1040159
829500
-271034
-1174554
196464
1018033
837165
-262735
-1145509
145751
1043228
841719
-265952
-1105535
44719
996928
852049
-260136
-1048502
-16885
1038235
870212
-215758
-965699
-64114
1050379
871586
-203988
-925167
-166983
1033632
844511
-145315
-839451
-231665
1036989
813776
-132570
-838938
-293903
1036997
833019
-83034
-789491
-336395
1013574
830380
-69262
-730787
-377591
1017316
838552
-14856
-686785
-409885
991465
819988
3554
-624936
-433593
968508
850794
62325
-501741
-465415
974842
876514
137115
-373899
-515985
948476
846462
173462
-280448
-552756
928113
898589
270476
-153425
-597242
905853
854063
302573
-106227
-654847
865251
866027
400878
-47196
-696771
794296
837339
438711
-25173
-719768
768422
861623
513612
-36803
-818889
673245
885615
582975
-42683
-865201
622018
908920
624166
-103809
-960896
511816
946437
694304
-107399
-998871
445621
943446
696573
-202334
-1066604
380140
1002323
761948
-191921
-1080906
290985
963423
770032
-216505
-1050515
240636
1014082
797742
-217285
-1050359
142409
1002678
829130
-215952
-979902
96704
1008867
821194
-237523
-953913
-3389
1005824
831031
-179344
-863509
-60723
1022999
806497
-180627
-837229
-143323
1046634
841349
-123198
-810549
-230067
1010980
810338
-101858
-770797
-250456
1065966
838623
-74246
-758336
-357659
999332
824383
-35863
-675841
-364157
1008589
842395
-18769
-644909
-422082
992064
859092
57626
-525725
-430238
969202
852662
89945
-455042
-470700
964387
883343
157127
-297410
-514475
909730
873838
187081
-214916
-498461
943110
886254
296990
-151258
-657016
863445
843525
371748
-19491
-612453
896614
838602
412255
-65126
-749419
783041
896342
516857
17149
-755370
725199
879493
537949
-58734
-859854
635981
940197
658205
-62735
-922242
542389
924567
664672
-124137
-992852
501266
989647
727556
-147001
-1072409
387539
951718
723936
-174610
-1042004
353800
1010739
778996
-236522
-1122554
241248
1032532
841312
-175692
-1054192
191301
1006220
810096
-262345
-1079104
104646
1041454
890302
-217124
-1002367
28352
1020600
872425
-228108
-951484
-56843
1052949
870918
-178464
-912183
-137728
1054492
861516
-158509
-888241
-234663
1050134
882620
-104444
-820618
-286850
1036372
857910
-90027
-799987
-336429
1066472
881724
-56248
-770836
-407307
1011749
867946
1783
-666867
-419568
1015366
882904
18262
-656457
-460990
1007854
937490
122129
-508130
-499566
953282
898117
109549
-429367
-540688
993768
953331
216805
-273371
-609105
890216
888466
253691
-182815
-640930
952001
951930
359300
-144011
-733596
839443
895552
449714
-50294
-720099
829830
909457
495014
-73640
-821333
734621
944613
600185
-50654
-900287
648496
939970
625865
-97653
-937599
609870
1001095
722054
-120672
-1070832
471841
965109
742552
-150910
-1087942
449113
1016479
771233
-244909
-1186682
318930
1034776
857366
-212691
-1114020
280455
1040561
836888
-302607
-1215196
212480
1130206
1052502
-373755
-1373666
74762
1243659
1026901
-404471
-1377738
27647
1290978
1116305
-395308
-1355312
-130288
1263583
1105479
-350313
-1276913
-165225
1319128
1020521
-276312
-1254818
-320160
1318575
1157195
-244447
-1161102
-374901
1326933
988760
-239406
-1187750
-409697
1303974
1199416
-202809
-1032108
-524612
1223156
1122494
-147529
-1045923
-515551
1307920
1179134
-61475
-972884
-605842
1224638
1159552
8962
-854445
-620364
1242370
1181949
48172
-747115
-740126
1187551
1208998
155896
-589766
-766648
1193956
1175684
211062
-481791
-835676
1181626
1213106
339019
-361647
-942133
1088518
1191968
400433
-292463
-969416
1100734
1217647
513272
-258900
-1088948
962745
1186258
625650
-227814
-1156181
910604
1202502
688065
-289282
-1284445
814323
1265739
809798
-271435
-1359007
677008
1267787
839588
-336203
-1453780
618622
1333821
931223
-384083
-1601146
465926
1320521
993973
-396797
-1609046
394049
1363190
1030378
-475082
-1667292
259220
1386447
1099744
-442035
-1637593
186109
1376435
1116843
-483258
-1632853
106656
1397908
1169591
-433018
-1576854
25770
1366884
1179908
-441741
-1535071
-87448
1401315
1168517
-415035
-1480472
-191930
1395774
1204083
-337651
-1368445
-307968
1408851
1169083
-330441
-1345398
-388154
1416208
1211836
-240043
-1281982
-496043
1368865
1168542
-194212
-1197950
-535431
1432673
1261635
-129346
-1127380
-646572
1365796
1240326
-78374
-1037146
-679100
1390026
1285651
4553
-934142
-793697
1346430
1292265
102098
-767555
-859191
1331501
1330006
168778
-640812
-932410
1303582
1349179
300587
-520960
-1059696
1265913
1318908
559788
-562456
-1206785
1396202
1285964
142662
38231
-1235507
776786
1684674
829386
-843061
-1480002
1422837
1062879
382244
-97487
-1219669
770550
1330977
511960
-741903
-1619497
897501
1043334
723908
78499
-1110795
564634
1245617
704192
-912507
-1863386
468939
943079
668902
-41531
-1328365
427622
1490304
640109
-848708
-1647863
321008
1130992
703364
-432266
-1057968
397848
896590
602964
-505890
-1145021
152205
1026426
962365
-308992
-1211416
83217
1116166
717375
-383342
-1017289
178522
1111150
775196
-365968
-1057080
-20501
992199
780160
-211334
-811125
115822
1025880
735710
-305404
-878311
-168230
1024065
811739
-134809
-637095
-142760
1013643
739119
-231760
-721368
-130296
1140250
943577
-68813
-734625
-308751
1026960
794064
-64677
-644452
-226400
1234239
957963
-32620
-691608
-413183
1081268
973380
54240
-449864
-398232
1152882
986343
37808
-510600
-554071
1165148
1102570
287085
-317726
-592578
1101568
1017526
184340
-262071
-685516
1204485
1187646
334362
-219187
-854926
1071069
1083643
485465
-123275
-827617
1104644
1117910
528258
-236591
-1061319
926291
1164023
681076
-118648
-1075824
844111
1121726
625532
-281285
-1188822
766687
1218118
792602
-272935
-1266825
597102
1102508
737027
-326567
-1289233
575967
1180050
792445
-396642
-1350332
384648
1060702
765394
-383369
-1250620
353442
1034007
718553
-458525
-1187663
247241
991077
705699
-383892
-1029740
167299
787379
511110
-472266
-885153
136685
673078
401306
-415806
-652386
86907
347906
33239
-458273
-324240
214143
-188806
-900195
-1761653
1075002
1569523
-985498
-878196
-130229
944611
986316
-485683
-885581
-93286
1044228
1226446
-887301
-1006602
24288
1142414
1401401
-851668
-1236671
-338367
1014288
1536608
-992186
-1345772
-410851
1042814
1712050
-1086216
-1526568
-553352
1001887
2028236
-1159708
-1787673
-573443
953194
2185917
-960733
-1650121
-502092
1081056
2536414
-823720
-1667477
-743024
753134
2585884
-705615
-1402537
-426344
943891
3001078
-95013
-1057651
-285687
1014408
2872483
-88903
-696113
-513077
654374
2230728
29103
-678998
-602269
214615
1986195
180171
-913591
-863000
256589
2047845
319831
-759376
-598360
498116
1626494
317750
-695924
-741756
137886
1232873
274195
-831804
-798787
101644
1324304
397447
-927965
-965777
180704
